PopName,Sex,Year,Age,mx,qx,ax,lx,dx,Lx,Tx,ex
VA,f,1960-1969,0,0.02378,0.02330,0.12,100000,2330,97949,7310903,73.11
VA,f,1960-1969,1-4,0.00091,0.00364,1.6,97670,355,389829,7212954,73.85
VA,f,1960-1969,5-9,0.00037,0.00185,2.26,97315,180,486081,6823125,70.11
VA,f,1960-1969,10-14,0.00031,0.00155,2.53,97135,150,485302,6337044,65.24
VA,f,1960-1969,15-19,0.00053,0.00264,2.64,96984,256,484316,5851742,60.34
VA,f,1960-1969,20-24,0.00069,0.00344,2.58,96728,333,482836,5367426,55.49
VA,f,1960-1969,25-29,0.00086,0.00430,2.61,96396,414,480988,4884591,50.67
VA,f,1960-1969,30-34,0.00131,0.00651,2.66,95981,625,478448,4403603,45.88
VA,f,1960-1969,35-39,0.00196,0.00976,2.66,95357,931,474606,3925154,41.16
VA,f,1960-1969,40-44,0.00305,0.01513,2.66,94426,1429,468790,3450549,36.54
VA,f,1960-1969,45-49,0.00452,0.02234,2.67,92997,2078,460154,2981759,32.06
VA,f,1960-1969,50-54,0.00700,0.03445,2.63,90919,3132,447180,2521605,27.73
VA,f,1960-1969,55-59,0.00996,0.04865,2.62,87787,4271,428777,2074425,23.63
VA,f,1960-1969,60-64,0.01539,0.07422,2.61,83516,6199,402761,1645648,19.70
VA,f,1960-1969,65-69,0.02372,0.11216,2.58,77317,8672,365612,1242887,16.08
VA,f,1960-1969,70-74,0.03752,0.17212,2.61,68645,11815,314943,877276,12.78
VA,f,1960-1969,75-79,0.05755,0.25218,2.55,56830,14332,249025,562333,9.90
VA,f,1960-1969,80-84,0.09428,0.38197,2.52,42498,16233,172186,313308,7.37
VA,f,1960-1969,85-89,0.15351,0.54628,2.36,26265,14348,93468,141122,5.37
VA,f,1960-1969,90-94,0.22361,0.68785,2.2,11917,8197,36659,47654,4.00
VA,f,1960-1969,95-99,0.32086,0.81604,1.99,3720,3036,9461,10995,2.96
VA,f,1960-1969,100-104,0.43614,0.90264,1.75,684,618,1416,1535,2.24
VA,f,1960-1969,105-109,0.55913,0.95089,1.53,67,63,113,118,1.78
VA,f,1960-1969,110+,0.65805,1.00000,1.52,3,3,5,5,1.52
VA,f,1970-1979,0,0.01575,0.01553,0.1,100000,1553,98598,7588073,75.88
VA,f,1970-1979,1-4,0.00058,0.00230,1.62,98447,227,393251,7489474,76.08
VA,f,1970-1979,5-9,0.00028,0.00142,2.34,98221,139,490733,7096224,72.25
VA,f,1970-1979,10-14,0.00027,0.00133,2.61,98081,131,490095,6605491,67.35
VA,f,1970-1979,15-19,0.00052,0.00259,2.67,97951,254,489163,6115396,62.43
VA,f,1970-1979,20-24,0.00057,0.00285,2.43,97697,278,487770,5626233,57.59
VA,f,1970-1979,25-29,0.00068,0.00341,2.64,97419,332,486308,5138463,52.75
VA,f,1970-1979,30-34,0.00095,0.00472,2.7,97087,459,484380,4652154,47.92
VA,f,1970-1979,35-39,0.00153,0.00762,2.71,96628,737,481455,4167774,43.13
VA,f,1970-1979,40-44,0.00255,0.01267,2.73,95891,1215,476697,3686320,38.44
VA,f,1970-1979,45-49,0.00390,0.01931,2.65,94677,1829,469087,3209623,33.90
VA,f,1970-1979,50-54,0.00593,0.02926,2.64,92848,2716,457826,2740536,29.52
VA,f,1970-1979,55-59,0.00874,0.04280,2.64,90132,3857,441573,2282710,25.33
VA,f,1970-1979,60-64,0.01282,0.06221,2.62,86274,5367,418614,1841137,21.34
VA,f,1970-1979,65-69,0.01912,0.09144,2.62,80907,7398,386912,1422523,17.58
VA,f,1970-1979,70-74,0.03096,0.14412,2.61,73509,10594,342192,1035611,14.09
VA,f,1970-1979,75-79,0.04854,0.21749,2.61,62915,13684,281877,693418,11.02
VA,f,1970-1979,80-84,0.07693,0.32365,2.55,49231,15934,207130,411541,8.36
VA,f,1970-1979,85-89,0.12524,0.47424,2.44,33297,15791,126087,204412,6.14
VA,f,1970-1979,90-94,0.19326,0.63265,2.27,17507,11076,57310,78325,4.47
VA,f,1970-1979,95-99,0.28505,0.77680,2.07,6431,4996,17526,21015,3.27
VA,f,1970-1979,100-104,0.39928,0.88106,1.83,1435,1265,3167,3489,2.43
VA,f,1970-1979,105-109,0.52575,0.94116,1.59,171,161,306,322,1.88
VA,f,1970-1979,110+,0.62954,1.00000,1.59,10,10,16,16,1.59
VA,f,1980-1989,0,0.01047,0.01037,0.08,100000,1037,99049,7795212,77.95
VA,f,1980-1989,1-4,0.00043,0.00171,1.49,98963,169,395429,7696163,77.77
VA,f,1980-1989,5-9,0.00021,0.00103,2.24,98794,102,493691,7300734,73.90
VA,f,1980-1989,10-14,0.00018,0.00092,2.73,98693,91,493258,6807043,68.97
VA,f,1980-1989,15-19,0.00044,0.00220,2.69,98602,217,492508,6313785,64.03
VA,f,1980-1989,20-24,0.00049,0.00244,2.51,98385,240,491325,5821277,59.17
VA,f,1980-1989,25-29,0.00057,0.00286,2.5,98144,281,490021,5329952,54.31
VA,f,1980-1989,30-34,0.00072,0.00357,2.61,97864,350,488484,4839930,49.46
VA,f,1980-1989,35-39,0.00104,0.00519,2.62,97514,506,486369,4351447,44.62
VA,f,1980-1989,40-44,0.00173,0.00862,2.71,97008,836,483124,3865077,39.84
VA,f,1980-1989,45-49,0.00291,0.01446,2.7,96173,1391,477662,3381953,35.17
VA,f,1980-1989,50-54,0.00477,0.02358,2.68,94782,2235,468720,2904291,30.64
VA,f,1980-1989,55-59,0.00760,0.03732,2.65,92547,3454,454619,2435571,26.32
VA,f,1980-1989,60-64,0.01176,0.05719,2.63,89093,5095,433402,1980951,22.23
VA,f,1980-1989,65-69,0.01802,0.08637,2.61,83997,7255,402663,1547549,18.42
VA,f,1980-1989,70-74,0.02747,0.12892,2.62,76742,9894,360163,1144886,14.92
VA,f,1980-1989,75-79,0.04310,0.19519,2.58,66849,13048,302707,784724,11.74
VA,f,1980-1989,80-84,0.06771,0.29056,2.56,53801,15632,230859,482016,8.96
VA,f,1980-1989,85-89,0.11127,0.43409,2.47,38169,16569,148911,251157,6.58
VA,f,1980-1989,90-94,0.17873,0.60316,2.31,21600,13028,72894,102247,4.73
VA,f,1980-1989,95-99,0.26902,0.75697,2.11,8572,6489,24119,29353,3.42
VA,f,1980-1989,100-104,0.38467,0.87154,1.86,2083,1816,4720,5234,2.51
VA,f,1980-1989,105-109,0.51502,0.93787,1.61,268,251,487,514,1.92
VA,f,1980-1989,110+,0.62285,1.00000,1.61,17,17,27,27,1.61
VA,f,1990-1999,0,0.00783,0.00777,0.07,100000,777,99281,7900051,79.00
VA,f,1990-1999,1-4,0.00034,0.00135,1.65,99223,134,396577,7800770,78.62
VA,f,1990-1999,5-9,0.00014,0.00072,2.44,99089,71,495263,7404193,74.72
VA,f,1990-1999,10-14,0.00017,0.00087,2.72,99018,86,494893,6908929,69.77
VA,f,1990-1999,15-19,0.00041,0.00207,2.7,98932,205,494189,6414036,64.83
VA,f,1990-1999,20-24,0.00044,0.00220,2.53,98727,217,493100,5919847,59.96
VA,f,1990-1999,25-29,0.00053,0.00267,2.54,98510,263,491904,5426748,55.09
VA,f,1990-1999,30-34,0.00073,0.00363,2.62,98247,357,490387,4934843,50.23
VA,f,1990-1999,35-39,0.00110,0.00549,2.61,97891,537,488171,4444456,45.40
VA,f,1990-1999,40-44,0.00159,0.00790,2.69,97353,769,484989,3956286,40.64
VA,f,1990-1999,45-49,0.00236,0.01172,2.65,96584,1132,480261,3471297,35.94
VA,f,1990-1999,50-54,0.00389,0.01928,2.67,95452,1841,472964,2991036,31.34
VA,f,1990-1999,55-59,0.00642,0.03162,2.66,93611,2960,461137,2518072,26.90
VA,f,1990-1999,60-64,0.01069,0.05215,2.65,90651,4728,442159,2056935,22.69
VA,f,1990-1999,65-69,0.01625,0.07824,2.64,85923,6722,413746,1614776,18.79
VA,f,1990-1999,70-74,0.02603,0.12259,2.63,79201,9709,373016,1201029,15.16
VA,f,1990-1999,75-79,0.04060,0.18503,2.61,69491,12858,316684,828014,11.92
VA,f,1990-1999,80-84,0.06542,0.28241,2.58,56633,15994,244490,511329,9.03
VA,f,1990-1999,85-89,0.10987,0.43022,2.48,40640,17484,159129,266839,6.57
VA,f,1990-1999,90-94,0.18130,0.61008,2.32,23156,14127,77918,107709,4.65
VA,f,1990-1999,95-99,0.28035,0.77257,2.1,9029,6975,24881,29791,3.30
VA,f,1990-1999,100-104,0.40581,0.88662,1.82,2053,1821,4486,4910,2.39
VA,f,1990-1999,105-109,0.54516,0.94800,1.56,233,221,405,423,1.82
VA,f,1990-1999,110+,0.65860,1.00000,1.52,12,12,18,18,1.52
VA,f,2000-2009,0,0.00686,0.00682,0.07,100000,682,99368,8007715,80.08
VA,f,2000-2009,1-4,0.00024,0.00095,1.61,99318,94,397048,7908347,79.63
VA,f,2000-2009,5-9,0.00011,0.00057,2.42,99224,57,495973,7511300,75.70
VA,f,2000-2009,10-14,0.00013,0.00066,2.79,99167,65,495692,7015326,70.74
VA,f,2000-2009,15-19,0.00035,0.00173,2.8,99102,171,495132,6519634,65.79
VA,f,2000-2009,20-24,0.00046,0.00231,2.53,98930,228,494090,6024501,60.90
VA,f,2000-2009,25-29,0.00052,0.00259,2.59,98702,256,492896,5530412,56.03
VA,f,2000-2009,30-34,0.00064,0.00321,2.61,98446,316,491478,5037516,51.17
VA,f,2000-2009,35-39,0.00103,0.00516,2.66,98131,506,489471,4546038,46.33
VA,f,2000-2009,40-44,0.00162,0.00806,2.7,97625,787,486310,4056567,41.55
VA,f,2000-2009,45-49,0.00237,0.01179,2.63,96838,1142,481481,3570257,36.87
VA,f,2000-2009,50-54,0.00359,0.01779,2.63,95696,1702,474448,3088776,32.28
VA,f,2000-2009,55-59,0.00541,0.02671,2.66,93994,2511,464092,2614328,27.81
VA,f,2000-2009,60-64,0.00874,0.04281,2.68,91484,3916,448321,2150236,23.50
VA,f,2000-2009,65-69,0.01406,0.06807,2.66,87567,5960,423895,1701916,19.44
VA,f,2000-2009,70-74,0.02249,0.10677,2.63,81607,8713,387382,1278020,15.66
VA,f,2000-2009,75-79,0.03654,0.16815,2.63,72894,12257,335462,890638,12.22
VA,f,2000-2009,80-84,0.06154,0.26817,2.6,60636,16261,264229,555176,9.16
VA,f,2000-2009,85-89,0.10798,0.42556,2.51,44376,18884,174883,290947,6.56
VA,f,2000-2009,90-94,0.18470,0.61851,2.33,25491,15767,85361,116064,4.55
VA,f,2000-2009,95-99,0.29440,0.79087,2.07,9725,7691,26125,30703,3.16
VA,f,2000-2009,100-104,0.43296,0.90365,1.78,2034,1838,4245,4578,2.25
VA,f,2000-2009,105-109,0.58357,0.95862,1.5,196,188,322,333,1.70
VA,f,2000-2009,110+,0.70279,1.00000,1.42,8,8,12,12,1.42
VA,f,2010-2019,0,0.00556,0.00553,0.07,100000,553,99485,8150286,81.50
VA,f,2010-2019,1-4,0.00020,0.00081,1.57,99447,80,397593,8050801,80.96
VA,f,2010-2019,5-9,0.00010,0.00050,2.4,99367,49,496706,7653208,77.02
VA,f,2010-2019,10-14,0.00011,0.00057,2.77,99318,57,496462,7156502,72.06
VA,f,2010-2019,15-19,0.00026,0.00130,2.86,99261,129,496029,6660040,67.10
VA,f,2010-2019,20-24,0.00040,0.00200,2.64,99132,198,495193,6164011,62.18
VA,f,2010-2019,25-29,0.00055,0.00276,2.59,98934,273,494009,5668818,57.30
VA,f,2010-2019,30-34,0.00073,0.00365,2.61,98661,360,492442,5174809,52.45
VA,f,2010-2019,35-39,0.00100,0.00497,2.61,98301,488,490336,4682367,47.63
VA,f,2010-2019,40-44,0.00145,0.00721,2.66,97812,705,487414,4192031,42.86
VA,f,2010-2019,45-49,0.00224,0.01112,2.66,97108,1080,483009,3704617,38.15
VA,f,2010-2019,50-54,0.00349,0.01732,2.66,96028,1664,476250,3221608,33.55
VA,f,2010-2019,55-59,0.00518,0.02559,2.64,94364,2415,466117,2745358,29.09
VA,f,2010-2019,60-64,0.00768,0.03773,2.63,91950,3469,451540,2279241,24.79
VA,f,2010-2019,65-69,0.01147,0.05586,2.65,88480,4943,430790,1827701,20.66
VA,f,2010-2019,70-74,0.01854,0.08886,2.66,83538,7423,400319,1396911,16.72
VA,f,2010-2019,75-79,0.03070,0.14316,2.65,76115,10897,354946,996592,13.09
VA,f,2010-2019,80-84,0.05289,0.23474,2.61,65218,15310,289478,641646,9.84
VA,f,2010-2019,85-89,0.09461,0.38411,2.55,49909,19170,202633,352168,7.06
VA,f,2010-2019,90-94,0.16774,0.58235,2.38,30738,17900,106715,149535,4.86
VA,f,2010-2019,95-99,0.27498,0.76779,2.12,12838,9857,35845,42819,3.34
VA,f,2010-2019,100-104,0.41484,0.89387,1.82,2981,2665,6424,6974,2.34
VA,f,2010-2019,105-109,0.57045,0.95576,1.52,316,302,530,550,1.74
VA,f,2010-2019,110+,0.69502,1.00000,1.44,14,14,20,20,1.44
