PopName,Sex,Year,Age,mx,qx,ax,lx,dx,Lx,Tx,ex
NY,m,1960-1969,0,0.02649,0.02589,0.12,100000,2589,97712,6671015,66.71
NY,m,1960-1969,1-4,0.00094,0.00373,1.68,97411,364,388802,6573303,67.48
NY,m,1960-1969,5-9,0.00048,0.00242,2.28,97048,235,484600,6184501,63.73
NY,m,1960-1969,10-14,0.00045,0.00225,2.71,96813,218,483566,5699901,58.88
NY,m,1960-1969,15-19,0.00120,0.00601,2.96,96595,580,481790,5216335,54.00
NY,m,1960-1969,20-24,0.00177,0.00883,2.48,96014,847,477938,4734545,49.31
NY,m,1960-1969,25-29,0.00179,0.00893,2.52,95167,850,473729,4256607,44.73
NY,m,1960-1969,30-34,0.00212,0.01053,2.58,94317,993,469183,3782878,40.11
NY,m,1960-1969,35-39,0.00303,0.01503,2.64,93324,1403,463313,3313695,35.51
NY,m,1960-1969,40-44,0.00471,0.02331,2.65,91921,2143,454568,2850383,31.01
NY,m,1960-1969,45-49,0.00748,0.03677,2.67,89778,3301,441199,2395815,26.69
NY,m,1960-1969,50-54,0.01221,0.05937,2.65,86477,5134,420332,1954615,22.60
NY,m,1960-1969,55-59,0.01910,0.09137,2.63,81343,7433,389101,1534283,18.86
NY,m,1960-1969,60-64,0.02926,0.13667,2.59,73911,10101,345222,1145183,15.49
NY,m,1960-1969,65-69,0.04327,0.19556,2.54,63809,12479,288395,799960,12.54
NY,m,1960-1969,70-74,0.06317,0.27317,2.53,51331,14022,221969,511565,9.97
NY,m,1960-1969,75-79,0.09052,0.36754,2.44,37308,13712,151480,289596,7.76
NY,m,1960-1969,80-84,0.13729,0.50506,2.38,23596,11917,86808,138116,5.85
NY,m,1960-1969,85-89,0.20056,0.64389,2.22,11679,7520,37494,51308,4.39
NY,m,1960-1969,90-94,0.28196,0.76971,2.05,4159,3201,11353,13814,3.32
NY,m,1960-1969,95-99,0.37674,0.86327,1.86,958,827,2195,2461,2.57
NY,m,1960-1969,100-104,0.48438,0.92446,1.66,131,121,250,266,2.04
NY,m,1960-1969,105-109,0.59395,0.95890,1.47,10,9,16,17,1.67
NY,m,1960-1969,110+,0.68042,1.00000,1.47,0,0,1,1,1.47
NY,m,1970-1979,0,0.01835,0.01805,0.09,100000,1805,98365,6843506,68.44
NY,m,1970-1979,1-4,0.00073,0.00291,1.73,98195,286,392129,6745141,68.69
NY,m,1970-1979,5-9,0.00039,0.00196,2.3,97909,192,489024,6353012,64.89
NY,m,1970-1979,10-14,0.00038,0.00192,2.76,97716,188,488162,5863988,60.01
NY,m,1970-1979,15-19,0.00129,0.00642,2.95,97529,626,486361,5375825,55.12
NY,m,1970-1979,20-24,0.00212,0.01056,2.51,96903,1023,481963,4889464,50.46
NY,m,1970-1979,25-29,0.00205,0.01022,2.48,95879,980,476931,4407501,45.97
NY,m,1970-1979,30-34,0.00221,0.01101,2.55,94900,1044,471943,3930570,41.42
NY,m,1970-1979,35-39,0.00297,0.01476,2.62,93855,1385,465981,3458628,36.85
NY,m,1970-1979,40-44,0.00431,0.02133,2.64,92470,1973,457689,2992647,32.36
NY,m,1970-1979,45-49,0.00687,0.03379,2.63,90497,3058,445237,2534958,28.01
NY,m,1970-1979,50-54,0.01041,0.05081,2.63,87439,4443,426653,2089721,23.90
NY,m,1970-1979,55-59,0.01609,0.07752,2.64,82997,6434,399786,1663068,20.04
NY,m,1970-1979,60-64,0.02505,0.11816,2.61,76563,9047,361203,1263282,16.50
NY,m,1970-1979,65-69,0.03792,0.17362,2.58,67516,11722,309158,902079,13.36
NY,m,1970-1979,70-74,0.05625,0.24708,2.54,55794,13785,245086,592920,10.63
NY,m,1970-1979,75-79,0.08321,0.34398,2.48,42008,14450,173655,347835,8.28
NY,m,1970-1979,80-84,0.12469,0.47078,2.4,27558,12974,104046,174180,6.32
NY,m,1970-1979,85-89,0.17897,0.60113,2.27,14584,8767,48985,70134,4.81
NY,m,1970-1979,90-94,0.25414,0.73312,2.11,5817,4265,16781,21149,3.64
NY,m,1970-1979,95-99,0.34100,0.83333,1.93,1553,1294,3794,4368,2.81
NY,m,1970-1979,100-104,0.44219,0.90428,1.73,259,234,529,574,2.22
NY,m,1970-1979,105-109,0.54867,0.94689,1.54,25,23,43,45,1.81
NY,m,1970-1979,110+,0.63455,1.00000,1.58,1,1,2,2,1.58
NY,m,1980-1989,0,0.01284,0.01269,0.08,100000,1269,98832,7024415,70.24
NY,m,1980-1989,1-4,0.00054,0.00217,1.7,98731,214,394432,6925583,70.15
NY,m,1980-1989,5-9,0.00028,0.00139,2.39,98517,137,492226,6531151,66.29
NY,m,1980-1989,10-14,0.00030,0.00150,2.79,98380,147,491572,6038924,61.38
NY,m,1980-1989,15-19,0.00104,0.00518,2.94,98232,509,490115,5547352,56.47
NY,m,1980-1989,20-24,0.00170,0.00844,2.56,97723,825,486601,5057237,51.75
NY,m,1980-1989,25-29,0.00208,0.01036,2.58,96899,1004,482067,4570636,47.17
NY,m,1980-1989,30-34,0.00276,0.01369,2.57,95895,1313,476285,4088568,42.64
NY,m,1980-1989,35-39,0.00346,0.01714,2.54,94582,1621,468926,3612283,38.19
NY,m,1980-1989,40-44,0.00437,0.02161,2.59,92961,2009,459959,3143357,33.81
NY,m,1980-1989,45-49,0.00606,0.02988,2.62,90952,2717,448287,2683397,29.50
NY,m,1980-1989,50-54,0.00900,0.04404,2.62,88235,3886,431907,2235110,25.33
NY,m,1980-1989,55-59,0.01353,0.06553,2.62,84349,5527,408608,1803203,21.38
NY,m,1980-1989,60-64,0.02082,0.09916,2.6,78821,7816,375384,1394595,17.69
NY,m,1980-1989,65-69,0.03156,0.14667,2.6,71006,10414,330018,1019211,14.35
NY,m,1980-1989,70-74,0.04849,0.21686,2.57,60591,13140,270974,689193,11.37
NY,m,1980-1989,75-79,0.07190,0.30499,2.51,47451,14472,201276,418218,8.81
NY,m,1980-1989,80-84,0.11649,0.44823,2.43,32979,14782,126896,216942,6.58
NY,m,1980-1989,85-89,0.17165,0.58704,2.31,18197,10682,62231,90046,4.95
NY,m,1980-1989,90-94,0.24772,0.72626,2.15,7515,5458,22032,27815,3.70
NY,m,1980-1989,95-99,0.34069,0.83379,1.94,2057,1715,5034,5783,2.81
NY,m,1980-1989,100-104,0.44807,0.90792,1.72,342,310,693,749,2.19
NY,m,1980-1989,105-109,0.56085,0.95074,1.52,31,30,53,56,1.77
NY,m,1980-1989,110+,0.65137,1.00000,1.54,2,2,2,2,1.54
NY,m,1990-1999,0,0.00909,0.00901,0.07,100000,901,99162,7244341,72.44
NY,m,1990-1999,1-4,0.00040,0.00159,1.66,99099,157,396029,7145180,72.10
NY,m,1990-1999,5-9,0.00020,0.00100,2.39,98942,98,494453,6749151,68.21
NY,m,1990-1999,10-14,0.00025,0.00123,2.82,98844,121,493953,6254698,63.28
NY,m,1990-1999,15-19,0.00092,0.00458,2.95,98722,452,492683,5760745,58.35
NY,m,1990-1999,20-24,0.00143,0.00713,2.52,98270,701,489609,5268062,53.61
NY,m,1990-1999,25-29,0.00170,0.00849,2.62,97569,828,485871,4778453,48.98
NY,m,1990-1999,30-34,0.00242,0.01203,2.61,96741,1164,480922,4292582,44.37
NY,m,1990-1999,35-39,0.00336,0.01669,2.63,95577,1595,474099,3811659,39.88
NY,m,1990-1999,40-44,0.00451,0.02228,2.57,93981,2094,464808,3337560,35.51
NY,m,1990-1999,45-49,0.00560,0.02764,2.57,91887,2540,453271,2872753,31.26
NY,m,1990-1999,50-54,0.00746,0.03667,2.61,89348,3276,438921,2419482,27.08
NY,m,1990-1999,55-59,0.01106,0.05391,2.65,86071,4640,419452,1980561,23.01
NY,m,1990-1999,60-64,0.01686,0.08107,2.63,81431,6601,391489,1561109,19.17
NY,m,1990-1999,65-69,0.02600,0.12237,2.61,74830,9157,352240,1169620,15.63
NY,m,1990-1999,70-74,0.03914,0.17878,2.58,65673,11741,299932,817379,12.45
NY,m,1990-1999,75-79,0.05990,0.26108,2.54,53932,14081,235085,517448,9.59
NY,m,1990-1999,80-84,0.10127,0.40320,2.47,39852,16068,158674,282363,7.09
NY,m,1990-1999,85-89,0.15746,0.55568,2.35,23783,13216,83931,123689,5.20
NY,m,1990-1999,90-94,0.24078,0.71655,2.18,10568,7572,31448,39758,3.76
NY,m,1990-1999,95-99,0.34451,0.83890,1.94,2995,2513,7294,8310,2.77
NY,m,1990-1999,100-104,0.46630,0.91799,1.7,483,443,950,1016,2.11
NY,m,1990-1999,105-109,0.59285,0.95950,1.48,40,38,64,66,1.68
NY,m,1990-1999,110+,0.69253,1.00000,1.44,2,2,2,2,1.44
NY,m,2000-2009,0,0.00666,0.00662,0.06,100000,662,99380,7617248,76.17
NY,m,2000-2009,1-4,0.00027,0.00106,1.61,99338,106,397099,7517868,75.68
NY,m,2000-2009,5-9,0.00014,0.00068,2.39,99232,67,495985,7120769,71.76
NY,m,2000-2009,10-14,0.00016,0.00081,2.73,99165,80,495641,6624784,66.81
NY,m,2000-2009,15-19,0.00061,0.00307,3,99084,304,494816,6129143,61.86
NY,m,2000-2009,20-24,0.00107,0.00532,2.55,98781,525,492619,5634327,57.04
NY,m,2000-2009,25-29,0.00108,0.00537,2.56,98256,527,489990,5141708,52.33
NY,m,2000-2009,30-34,0.00122,0.00608,2.6,97728,594,487216,4651718,47.60
NY,m,2000-2009,35-39,0.00169,0.00842,2.63,97134,818,483736,4164503,42.87
NY,m,2000-2009,40-44,0.00257,0.01277,2.65,96316,1230,478696,3680767,38.22
NY,m,2000-2009,45-49,0.00395,0.01955,2.66,95087,1859,471085,3202072,33.68
NY,m,2000-2009,50-54,0.00591,0.02913,2.64,93228,2716,459720,2730987,29.29
NY,m,2000-2009,55-59,0.00855,0.04188,2.63,90513,3791,443593,2271267,25.09
NY,m,2000-2009,60-64,0.01282,0.06221,2.64,86722,5395,420899,1827674,21.08
NY,m,2000-2009,65-69,0.01937,0.09262,2.64,81326,7533,388827,1406775,17.30
NY,m,2000-2009,70-74,0.02992,0.13964,2.62,73794,10305,344419,1017948,13.79
NY,m,2000-2009,75-79,0.04769,0.21384,2.59,63489,13577,284677,673528,10.61
NY,m,2000-2009,80-84,0.08361,0.34632,2.52,49912,17286,206749,388851,7.79
NY,m,2000-2009,85-89,0.13918,0.51276,2.43,32626,16730,120199,182102,5.58
NY,m,2000-2009,90-94,0.22886,0.70152,2.24,15897,11152,48728,61902,3.89
NY,m,2000-2009,95-99,0.34285,0.83939,1.96,4745,3983,11617,13175,2.78
NY,m,2000-2009,100-104,0.48076,0.92570,1.68,762,705,1467,1558,2.04
NY,m,2000-2009,105-109,0.62269,0.96641,1.43,57,55,88,90,1.60
NY,m,2000-2009,110+,0.73159,1.00000,1.37,2,2,3,3,1.37
NY,m,2010-2019,0,0.00506,0.00504,0.06,100000,504,99526,7824979,78.25
NY,m,2010-2019,1-4,0.00020,0.00080,1.69,99496,79,397801,7725454,77.65
NY,m,2010-2019,5-9,0.00011,0.00056,2.49,99417,56,496943,7327653,73.71
NY,m,2010-2019,10-14,0.00014,0.00070,2.77,99361,70,496648,6830711,68.75
NY,m,2010-2019,15-19,0.00045,0.00226,3.02,99291,225,496010,6334063,63.79
NY,m,2010-2019,20-24,0.00099,0.00496,2.64,99066,492,494170,5838053,58.93
NY,m,2010-2019,25-29,0.00115,0.00572,2.54,98575,564,491483,5343883,54.21
NY,m,2010-2019,30-34,0.00130,0.00650,2.57,98011,637,488506,4852400,49.51
NY,m,2010-2019,35-39,0.00157,0.00782,2.59,97374,762,485030,4363894,44.82
NY,m,2010-2019,40-44,0.00211,0.01051,2.63,96612,1016,480656,3878864,40.15
NY,m,2010-2019,45-49,0.00320,0.01589,2.68,95597,1519,474462,3398208,35.55
NY,m,2010-2019,50-54,0.00507,0.02505,2.66,94078,2356,464870,2923746,31.08
NY,m,2010-2019,55-59,0.00761,0.03736,2.64,91721,3426,450522,2458876,26.81
NY,m,2010-2019,60-64,0.01115,0.05431,2.63,88295,4795,430121,2008354,22.75
NY,m,2010-2019,65-69,0.01608,0.07745,2.62,83500,6467,402110,1578234,18.90
NY,m,2010-2019,70-74,0.02430,0.11489,2.63,77033,8850,364147,1176124,15.27
NY,m,2010-2019,75-79,0.03865,0.17696,2.62,68183,12066,312169,811976,11.91
NY,m,2010-2019,80-84,0.06432,0.27842,2.59,56117,15624,242901,499807,8.91
NY,m,2010-2019,85-89,0.11255,0.43947,2.51,40493,17795,158103,256907,6.34
NY,m,2010-2019,90-94,0.19627,0.64261,2.31,22698,14586,74316,98803,4.35
NY,m,2010-2019,95-99,0.31024,0.80885,2.04,8112,6561,21149,24488,3.02
NY,m,2010-2019,100-104,0.45421,0.91475,1.74,1551,1418,3123,3339,2.15
NY,m,2010-2019,105-109,0.60728,0.96388,1.46,132,127,210,216,1.64
NY,m,2010-2019,110+,0.72595,1.00000,1.38,5,5,7,7,1.38
