PopName,Sex,Year,Age,mx,qx,ax,lx,dx,Lx,Tx,ex
PA,m,1960-1969,0,0.02606,0.02547,0.11,100000,2547,97745,6660845,66.61
PA,m,1960-1969,1-4,0.00088,0.00353,1.68,97453,344,389014,6563100,67.35
PA,m,1960-1969,5-9,0.00048,0.00241,2.35,97109,234,484924,6174086,63.58
PA,m,1960-1969,10-14,0.00045,0.00224,2.7,96875,217,483877,5689161,58.73
PA,m,1960-1969,15-19,0.00125,0.00622,2.88,96658,601,482014,5205284,53.85
PA,m,1960-1969,20-24,0.00161,0.00804,2.5,96057,772,478352,4723270,49.17
PA,m,1960-1969,25-29,0.00159,0.00789,2.51,95285,752,474552,4244918,44.55
PA,m,1960-1969,30-34,0.00180,0.00894,2.61,94533,845,470640,3770366,39.88
PA,m,1960-1969,35-39,0.00276,0.01371,2.7,93688,1284,465480,3299726,35.22
PA,m,1960-1969,40-44,0.00444,0.02197,2.69,92403,2030,457319,2834245,30.67
PA,m,1960-1969,45-49,0.00753,0.03700,2.68,90373,3344,444122,2376926,26.30
PA,m,1960-1969,50-54,0.01269,0.06163,2.67,87030,5363,422649,1932804,22.21
PA,m,1960-1969,55-59,0.01992,0.09515,2.65,81666,7771,390053,1510155,18.49
PA,m,1960-1969,60-64,0.03056,0.14236,2.6,73896,10520,344275,1120102,15.16
PA,m,1960-1969,65-69,0.04522,0.20358,2.55,63376,12902,285311,775827,12.24
PA,m,1960-1969,70-74,0.06612,0.28412,2.52,50474,14341,216874,490516,9.72
PA,m,1960-1969,75-79,0.09455,0.38056,2.44,36133,13751,145431,273642,7.57
PA,m,1960-1969,80-84,0.14098,0.51469,2.38,22382,11520,81712,128211,5.73
PA,m,1960-1969,85-89,0.20613,0.65704,2.24,10862,7137,34623,46499,4.28
PA,m,1960-1969,90-94,0.29541,0.78797,2.04,3725,2935,9937,11876,3.19
PA,m,1960-1969,95-99,0.39578,0.87733,1.83,790,693,1751,1939,2.45
PA,m,1960-1969,100-104,0.50906,0.93445,1.61,97,91,178,188,1.94
PA,m,1960-1969,105-109,0.62203,0.96505,1.43,6,6,10,10,1.60
PA,m,1960-1969,110+,0.70968,1.00000,1.41,0,0,0,0,1.41
PA,m,1970-1979,0,0.01855,0.01824,0.09,100000,1824,98349,6819492,68.19
PA,m,1970-1979,1-4,0.00070,0.00279,1.74,98176,274,392085,6721143,68.46
PA,m,1970-1979,5-9,0.00041,0.00203,2.34,97902,198,488982,6329058,64.65
PA,m,1970-1979,10-14,0.00041,0.00207,2.78,97703,202,488068,5840076,59.77
PA,m,1970-1979,15-19,0.00129,0.00645,2.89,97501,629,486183,5352008,54.89
PA,m,1970-1979,20-24,0.00186,0.00926,2.47,96873,897,482095,4865825,50.23
PA,m,1970-1979,25-29,0.00168,0.00837,2.49,95975,803,477860,4383730,45.68
PA,m,1970-1979,30-34,0.00189,0.00938,2.6,95172,893,473719,3905870,41.04
PA,m,1970-1979,35-39,0.00264,0.01310,2.62,94279,1235,468449,3432151,36.40
PA,m,1970-1979,40-44,0.00412,0.02042,2.71,93044,1899,460865,2963702,31.85
PA,m,1970-1979,45-49,0.00688,0.03386,2.67,91144,3086,448539,2502837,27.46
PA,m,1970-1979,50-54,0.01083,0.05280,2.66,88058,4649,429428,2054298,23.33
PA,m,1970-1979,55-59,0.01722,0.08276,2.65,83409,6903,400840,1624869,19.48
PA,m,1970-1979,60-64,0.02715,0.12755,2.63,76506,9758,359408,1224029,16.00
PA,m,1970-1979,65-69,0.04054,0.18453,2.57,66748,12317,303837,864622,12.95
PA,m,1970-1979,70-74,0.06010,0.26162,2.53,54431,14240,236958,560785,10.30
PA,m,1970-1979,75-79,0.08871,0.36231,2.47,40191,14561,164143,323828,8.06
PA,m,1970-1979,80-84,0.12621,0.47513,2.4,25629,12177,96485,159684,6.23
PA,m,1970-1979,85-89,0.18386,0.61210,2.27,13452,8234,44785,63200,4.70
PA,m,1970-1979,90-94,0.26298,0.74934,2.13,5218,3910,14868,18415,3.53
PA,m,1970-1979,95-99,0.35490,0.84595,1.91,1308,1106,3118,3547,2.71
PA,m,1970-1979,100-104,0.46128,0.91420,1.7,201,184,399,429,2.13
PA,m,1970-1979,105-109,0.57168,0.95349,1.51,17,16,29,30,1.74
PA,m,1970-1979,110+,0.65980,1.00000,1.52,1,1,1,1,1.52
PA,m,1980-1989,0,0.01218,0.01204,0.08,100000,1204,98889,7082745,70.83
PA,m,1980-1989,1-4,0.00054,0.00214,1.69,98796,211,394694,6983856,70.69
PA,m,1980-1989,5-9,0.00026,0.00129,2.33,98584,128,492580,6589162,66.84
PA,m,1980-1989,10-14,0.00030,0.00152,2.75,98457,150,491946,6096582,61.92
PA,m,1980-1989,15-19,0.00101,0.00503,2.93,98307,494,490511,5604636,57.01
PA,m,1980-1989,20-24,0.00154,0.00769,2.55,97812,752,487218,5114126,52.28
PA,m,1980-1989,25-29,0.00160,0.00798,2.52,97061,774,483383,4626907,47.67
PA,m,1980-1989,30-34,0.00177,0.00879,2.56,96286,846,479364,4143524,43.03
PA,m,1980-1989,35-39,0.00224,0.01112,2.61,95440,1061,474668,3664161,38.39
PA,m,1980-1989,40-44,0.00319,0.01582,2.67,94378,1493,468416,3189493,33.79
PA,m,1980-1989,45-49,0.00521,0.02572,2.69,92886,2389,458915,2721077,29.29
PA,m,1980-1989,50-54,0.00857,0.04201,2.69,90497,3802,443688,2262162,25.00
PA,m,1980-1989,55-59,0.01390,0.06728,2.65,86695,5833,419745,1818474,20.98
PA,m,1980-1989,60-64,0.02195,0.10429,2.62,80862,8433,384209,1398729,17.30
PA,m,1980-1989,65-69,0.03350,0.15503,2.6,72429,11229,335211,1014519,14.01
PA,m,1980-1989,70-74,0.05197,0.23064,2.56,61200,14115,271586,679309,11.10
PA,m,1980-1989,75-79,0.07696,0.32279,2.5,47085,15199,197498,407723,8.66
PA,m,1980-1989,80-84,0.11576,0.44616,2.43,31886,14226,122891,210225,6.59
PA,m,1980-1989,85-89,0.17160,0.58684,2.31,17660,10364,60394,87334,4.95
PA,m,1980-1989,90-94,0.24772,0.72652,2.15,7296,5301,21398,26940,3.69
PA,m,1980-1989,95-99,0.34514,0.83805,1.93,1995,1672,4845,5542,2.78
PA,m,1980-1989,100-104,0.45524,0.91171,1.71,323,295,647,697,2.16
PA,m,1980-1989,105-109,0.57029,0.95340,1.51,29,27,48,50,1.74
PA,m,1980-1989,110+,0.66220,1.00000,1.51,1,1,2,2,1.51
PA,m,1990-1999,0,0.00925,0.00917,0.07,100000,917,99147,7272341,72.72
PA,m,1990-1999,1-4,0.00043,0.00173,1.67,99083,172,395932,7173193,72.40
PA,m,1990-1999,5-9,0.00020,0.00100,2.46,98911,99,494305,6777262,68.52
PA,m,1990-1999,10-14,0.00026,0.00129,2.85,98812,128,493786,6282957,63.58
PA,m,1990-1999,15-19,0.00095,0.00475,2.97,98684,469,492469,5789171,58.66
PA,m,1990-1999,20-24,0.00148,0.00737,2.48,98215,724,489250,5296702,53.93
PA,m,1990-1999,25-29,0.00156,0.00777,2.55,97491,758,485598,4807452,49.31
PA,m,1990-1999,30-34,0.00196,0.00975,2.55,96733,943,481360,4321853,44.68
PA,m,1990-1999,35-39,0.00238,0.01182,2.58,95790,1132,476213,3840493,40.09
PA,m,1990-1999,40-44,0.00318,0.01580,2.61,94658,1496,469722,3364280,35.54
PA,m,1990-1999,45-49,0.00459,0.02273,2.64,93163,2117,460826,2894558,31.07
PA,m,1990-1999,50-54,0.00690,0.03395,2.66,91045,3091,448003,2433732,26.73
PA,m,1990-1999,55-59,0.01095,0.05340,2.65,87954,4697,428745,1985729,22.58
PA,m,1990-1999,60-64,0.01767,0.08482,2.66,83257,7062,399753,1556984,18.70
PA,m,1990-1999,65-69,0.02767,0.12977,2.61,76195,9888,357344,1157232,15.19
PA,m,1990-1999,70-74,0.04218,0.19127,2.57,66307,12682,300684,799887,12.06
PA,m,1990-1999,75-79,0.06467,0.27919,2.56,53625,14972,231522,499203,9.31
PA,m,1990-1999,80-84,0.10464,0.41371,2.47,38653,15991,152825,267681,6.93
PA,m,1990-1999,85-89,0.16291,0.56934,2.36,22662,12902,79197,114856,5.07
PA,m,1990-1999,90-94,0.24946,0.73011,2.16,9760,7126,28564,35659,3.65
PA,m,1990-1999,95-99,0.35610,0.84903,1.92,2634,2236,6280,7095,2.69
PA,m,1990-1999,100-104,0.48035,0.92427,1.67,398,368,765,814,2.05
PA,m,1990-1999,105-109,0.60780,0.96280,1.45,30,29,48,49,1.64
PA,m,1990-1999,110+,0.70715,1.00000,1.41,1,1,2,2,1.41
PA,m,2000-2009,0,0.00838,0.00831,0.07,100000,831,99225,7461541,74.62
PA,m,2000-2009,1-4,0.00032,0.00128,1.67,99169,127,396378,7362317,74.24
PA,m,2000-2009,5-9,0.00015,0.00076,2.36,99042,75,495010,6965938,70.33
PA,m,2000-2009,10-14,0.00019,0.00095,2.92,98967,94,494639,6470928,65.38
PA,m,2000-2009,15-19,0.00085,0.00425,3.09,98873,420,493561,5976290,60.44
PA,m,2000-2009,20-24,0.00158,0.00788,2.58,98453,776,490389,5482729,55.69
PA,m,2000-2009,25-29,0.00156,0.00776,2.47,97677,758,486469,4992341,51.11
PA,m,2000-2009,30-34,0.00159,0.00791,2.57,96919,766,482735,4505872,46.49
PA,m,2000-2009,35-39,0.00199,0.00990,2.61,96152,952,478490,4023137,41.84
PA,m,2000-2009,40-44,0.00291,0.01447,2.66,95200,1377,472776,3544647,37.23
PA,m,2000-2009,45-49,0.00430,0.02128,2.64,93823,1997,464410,3071871,32.74
PA,m,2000-2009,50-54,0.00638,0.03141,2.62,91826,2884,452276,2607461,28.40
PA,m,2000-2009,55-59,0.00933,0.04563,2.64,88942,4058,435135,2155185,24.23
PA,m,2000-2009,60-64,0.01428,0.06907,2.65,84884,5863,410639,1720051,20.26
PA,m,2000-2009,65-69,0.02163,0.10287,2.63,79021,8129,375819,1309412,16.57
PA,m,2000-2009,70-74,0.03380,0.15633,2.6,70892,11083,327900,933593,13.17
PA,m,2000-2009,75-79,0.05369,0.23760,2.58,59809,14211,264670,605692,10.13
PA,m,2000-2009,80-84,0.08876,0.36416,2.54,45598,16605,187071,341022,7.48
PA,m,2000-2009,85-89,0.14925,0.53816,2.41,28993,15603,104540,153951,5.31
PA,m,2000-2009,90-94,0.24388,0.72315,2.19,13390,9683,39705,49410,3.69
PA,m,2000-2009,95-99,0.36630,0.85943,1.91,3707,3186,8698,9706,2.62
PA,m,2000-2009,100-104,0.50969,0.93705,1.63,521,488,958,1008,1.93
PA,m,2000-2009,105-109,0.65282,0.97172,1.39,33,32,49,50,1.53
PA,m,2000-2009,110+,0.75962,1.00000,1.32,1,1,1,1,1.32
PA,m,2010-2019,0,0.00690,0.00686,0.06,100000,686,99358,7579455,75.79
PA,m,2010-2019,1-4,0.00026,0.00102,1.67,99314,102,397020,7480097,75.32
PA,m,2010-2019,5-9,0.00013,0.00065,2.43,99213,64,495899,7083076,71.39
PA,m,2010-2019,10-14,0.00016,0.00079,2.95,99149,79,495583,6587177,66.44
PA,m,2010-2019,15-19,0.00065,0.00324,3.09,99070,321,494737,6091594,61.49
PA,m,2010-2019,20-24,0.00155,0.00770,2.67,98749,760,491974,5596857,56.68
PA,m,2010-2019,25-29,0.00186,0.00927,2.52,97989,909,487694,5104883,52.10
PA,m,2010-2019,30-34,0.00210,0.01044,2.53,97080,1014,482894,4617189,47.56
PA,m,2010-2019,35-39,0.00231,0.01150,2.55,96066,1105,477625,4134296,43.04
PA,m,2010-2019,40-44,0.00276,0.01373,2.6,94961,1304,471675,3656670,38.51
PA,m,2010-2019,45-49,0.00396,0.01960,2.65,93657,1835,463974,3184995,34.01
PA,m,2010-2019,50-54,0.00615,0.03030,2.65,91822,2782,452573,2721021,29.63
PA,m,2010-2019,55-59,0.00902,0.04413,2.61,89040,3929,435825,2268448,25.48
PA,m,2010-2019,60-64,0.01303,0.06318,2.62,85111,5377,412740,1832622,21.53
PA,m,2010-2019,65-69,0.01869,0.08945,2.62,79733,7132,381683,1419882,17.81
PA,m,2010-2019,70-74,0.02854,0.13364,2.62,72601,9702,339935,1038199,14.30
PA,m,2010-2019,75-79,0.04488,0.20249,2.59,62899,12736,283810,698264,11.10
PA,m,2010-2019,80-84,0.07427,0.31438,2.56,50163,15770,212323,414454,8.26
PA,m,2010-2019,85-89,0.12668,0.47981,2.47,34393,16502,130260,202131,5.88
PA,m,2010-2019,90-94,0.21833,0.68284,2.26,17891,12216,55956,71871,4.02
PA,m,2010-2019,95-99,0.33817,0.83627,1.98,5674,4745,14032,15916,2.80
PA,m,2010-2019,100-104,0.48471,0.92808,1.68,929,862,1779,1884,2.03
PA,m,2010-2019,105-109,0.63522,0.96905,1.41,67,65,102,105,1.57
PA,m,2010-2019,110+,0.74901,1.00000,1.34,2,2,3,3,1.34
