PopName,Sex,Year,Age,mx,qx,ax,lx,dx,Lx,Tx,ex
SC,b,1960-1969,0,0.03099,0.03018,0.13,100000,3018,97387,6694036,66.94
SC,b,1960-1969,1-4,0.00152,0.00605,1.54,96982,587,386485,6596649,68.02
SC,b,1960-1969,5-9,0.00061,0.00303,2.3,96395,292,481184,6210164,64.42
SC,b,1960-1969,10-14,0.00058,0.00289,2.74,96103,278,479884,5728980,59.61
SC,b,1960-1969,15-19,0.00118,0.00589,2.77,95825,564,477866,5249096,54.78
SC,b,1960-1969,20-24,0.00165,0.00824,2.55,95261,785,474378,4771230,50.09
SC,b,1960-1969,25-29,0.00189,0.00939,2.54,94476,887,470194,4296852,45.48
SC,b,1960-1969,30-34,0.00255,0.01269,2.59,93588,1188,465080,3826658,40.89
SC,b,1960-1969,35-39,0.00356,0.01768,2.66,92401,1633,458181,3361579,36.38
SC,b,1960-1969,40-44,0.00555,0.02738,2.65,90767,2485,447992,2903397,31.99
SC,b,1960-1969,45-49,0.00824,0.04044,2.64,88282,3570,432998,2455405,27.81
SC,b,1960-1969,50-54,0.01271,0.06166,2.61,84712,5223,411058,2022407,23.87
SC,b,1960-1969,55-59,0.01817,0.08703,2.58,79489,6918,380704,1611349,20.27
SC,b,1960-1969,60-64,0.02759,0.12922,2.55,72571,9377,339913,1230645,16.96
SC,b,1960-1969,65-69,0.03884,0.17698,2.5,63193,11184,287990,890731,14.10
SC,b,1960-1969,70-74,0.05073,0.22492,2.48,52009,11698,230583,602741,11.59
SC,b,1960-1969,75-79,0.06672,0.28565,2.48,40311,11515,172586,372158,9.23
SC,b,1960-1969,80-84,0.11314,0.43751,2.41,28796,12599,111350,199572,6.93
SC,b,1960-1969,85-89,0.15615,0.54986,2.31,16198,8906,57037,88222,5.45
SC,b,1960-1969,90-94,0.21109,0.66269,2.19,7291,4832,22890,31186,4.28
SC,b,1960-1969,95-99,0.27918,0.76523,2.05,2459,1882,6741,8296,3.37
SC,b,1960-1969,100-104,0.35959,0.84786,1.88,577,490,1361,1554,2.69
SC,b,1960-1969,105-109,0.44935,0.90681,1.71,88,80,177,193,2.20
SC,b,1960-1969,110+,0.52405,1.00000,1.91,8,8,16,16,1.91
SC,b,1970-1979,0,0.02116,0.02077,0.11,100000,2077,98145,6969950,69.70
SC,b,1970-1979,1-4,0.00087,0.00347,1.61,97923,340,390882,6871805,70.18
SC,b,1970-1979,5-9,0.00049,0.00243,2.38,97584,237,487295,6480923,66.41
SC,b,1970-1979,10-14,0.00046,0.00231,2.74,97346,225,486222,5993628,61.57
SC,b,1970-1979,15-19,0.00113,0.00565,2.79,97121,549,484391,5507407,56.71
SC,b,1970-1979,20-24,0.00148,0.00737,2.54,96572,712,481109,5023016,52.01
SC,b,1970-1979,25-29,0.00170,0.00847,2.59,95861,812,477346,4541907,47.38
SC,b,1970-1979,30-34,0.00206,0.01027,2.64,95048,976,472935,4064561,42.76
SC,b,1970-1979,35-39,0.00311,0.01545,2.67,94072,1454,466970,3591625,38.18
SC,b,1970-1979,40-44,0.00483,0.02389,2.67,92619,2212,457947,3124655,33.74
SC,b,1970-1979,45-49,0.00714,0.03512,2.62,90406,3175,444483,2666708,29.50
SC,b,1970-1979,50-54,0.01090,0.05314,2.62,87231,4636,425122,2222225,25.48
SC,b,1970-1979,55-59,0.01577,0.07600,2.63,82596,6277,398095,1797103,21.76
SC,b,1970-1979,60-64,0.02301,0.10896,2.58,76319,8316,361459,1399008,18.33
SC,b,1970-1979,65-69,0.03109,0.14444,2.54,68003,9823,315893,1037549,15.26
SC,b,1970-1979,70-74,0.04593,0.20632,2.54,58180,12004,261359,721656,12.40
SC,b,1970-1979,75-79,0.06199,0.26856,2.52,46177,12401,200069,460297,9.97
SC,b,1970-1979,80-84,0.09367,0.37860,2.47,33775,12787,136517,260229,7.70
SC,b,1970-1979,85-89,0.13832,0.50675,2.36,20988,10636,76893,123711,5.89
SC,b,1970-1979,90-94,0.19485,0.63364,2.24,10352,6560,33666,46819,4.52
SC,b,1970-1979,95-99,0.26852,0.75292,2.08,3793,2856,10635,13153,3.47
SC,b,1970-1979,100-104,0.35894,0.84884,1.9,937,795,2216,2518,2.69
SC,b,1970-1979,105-109,0.46203,0.91430,1.7,142,130,280,302,2.14
SC,b,1970-1979,110+,0.54882,1.00000,1.82,12,12,22,22,1.82
SC,b,1980-1989,0,0.01459,0.01440,0.09,100000,1440,98688,7274536,72.75
SC,b,1980-1989,1-4,0.00066,0.00265,1.61,98560,262,393617,7175848,72.81
SC,b,1980-1989,5-9,0.00031,0.00155,2.47,98299,152,491108,6782231,69.00
SC,b,1980-1989,10-14,0.00035,0.00175,2.77,98146,171,490350,6291123,64.10
SC,b,1980-1989,15-19,0.00092,0.00459,2.76,97975,449,488869,5800772,59.21
SC,b,1980-1989,20-24,0.00123,0.00611,2.55,97526,596,486169,5311903,54.47
SC,b,1980-1989,25-29,0.00136,0.00678,2.57,96929,657,483051,4825734,49.79
SC,b,1980-1989,30-34,0.00171,0.00852,2.57,96273,820,479373,4342683,45.11
SC,b,1980-1989,35-39,0.00222,0.01106,2.58,95452,1056,474707,3863310,40.47
SC,b,1980-1989,40-44,0.00337,0.01670,2.65,94396,1577,468280,3388602,35.90
SC,b,1980-1989,45-49,0.00519,0.02563,2.68,92820,2379,458578,2920322,31.46
SC,b,1980-1989,50-54,0.00803,0.03941,2.66,90440,3564,443870,2461744,27.22
SC,b,1980-1989,55-59,0.01234,0.05996,2.62,86876,5209,422006,2017874,23.23
SC,b,1980-1989,60-64,0.01856,0.08885,2.62,81668,7256,391042,1595868,19.54
SC,b,1980-1989,65-69,0.02678,0.12574,2.58,74411,9357,349452,1204826,16.19
SC,b,1980-1989,70-74,0.03945,0.18007,2.58,65055,11714,296950,855374,13.15
SC,b,1980-1989,75-79,0.05597,0.24550,2.5,53340,13095,233987,558423,10.47
SC,b,1980-1989,80-84,0.08621,0.35452,2.5,40245,14268,165490,324436,8.06
SC,b,1980-1989,85-89,0.12965,0.48480,2.4,25977,12594,97136,158946,6.12
SC,b,1980-1989,90-94,0.18849,0.62179,2.26,13384,8322,44150,61810,4.62
SC,b,1980-1989,95-99,0.26573,0.74997,2.1,5062,3796,14286,17661,3.49
SC,b,1980-1989,100-104,0.36150,0.85165,1.9,1266,1078,2982,3375,2.67
SC,b,1980-1989,105-109,0.47099,0.91897,1.68,188,173,366,393,2.09
SC,b,1980-1989,110+,0.56329,1.00000,1.78,15,15,27,27,1.78
SC,b,1990-1999,0,0.01034,0.01024,0.08,100000,1024,99055,7421412,74.21
SC,b,1990-1999,1-4,0.00049,0.00195,1.63,98976,193,395446,7322357,73.98
SC,b,1990-1999,5-9,0.00023,0.00117,2.47,98783,116,493620,6926912,70.12
SC,b,1990-1999,10-14,0.00031,0.00154,2.88,98667,152,493014,6433292,65.20
SC,b,1990-1999,15-19,0.00089,0.00443,2.78,98515,436,491608,5940278,60.30
SC,b,1990-1999,20-24,0.00117,0.00581,2.52,98079,570,488985,5448670,55.55
SC,b,1990-1999,25-29,0.00134,0.00669,2.61,97509,652,485986,4959685,50.86
SC,b,1990-1999,30-34,0.00178,0.00888,2.57,96857,860,482199,4473699,46.19
SC,b,1990-1999,35-39,0.00239,0.01188,2.67,95997,1140,477324,3991500,41.58
SC,b,1990-1999,40-44,0.00319,0.01585,2.61,94857,1503,470689,3514176,37.05
SC,b,1990-1999,45-49,0.00463,0.02289,2.64,93354,2137,461722,3043488,32.60
SC,b,1990-1999,50-54,0.00701,0.03446,2.66,91217,3144,448729,2581765,28.30
SC,b,1990-1999,55-59,0.01054,0.05142,2.63,88073,4529,429613,2133037,24.22
SC,b,1990-1999,60-64,0.01617,0.07786,2.64,83544,6504,402371,1703424,20.39
SC,b,1990-1999,65-69,0.02297,0.10892,2.63,77040,8391,365292,1301053,16.89
SC,b,1990-1999,70-74,0.03533,0.16282,2.59,68648,11177,316340,935761,13.63
SC,b,1990-1999,75-79,0.05199,0.23048,2.54,57471,13246,254760,619421,10.78
SC,b,1990-1999,80-84,0.08064,0.33580,2.51,44225,14851,184156,364661,8.25
SC,b,1990-1999,85-89,0.12578,0.47492,2.42,29374,13950,110911,180504,6.15
SC,b,1990-1999,90-94,0.19153,0.62931,2.28,15424,9706,50677,69593,4.51
SC,b,1990-1999,95-99,0.28108,0.77162,2.08,5717,4412,15696,18916,3.31
SC,b,1990-1999,100-104,0.39300,0.87677,1.84,1306,1145,2913,3220,2.47
SC,b,1990-1999,105-109,0.51896,0.93893,1.6,161,151,291,307,1.91
SC,b,1990-1999,110+,0.62362,1.00000,1.6,10,10,16,16,1.60
SC,b,2000-2009,0,0.00870,0.00863,0.07,100000,863,99199,7571012,75.71
SC,b,2000-2009,1-4,0.00035,0.00138,1.64,99137,137,396225,7471812,75.37
SC,b,2000-2009,5-9,0.00017,0.00087,2.49,99000,86,494783,7075587,71.47
SC,b,2000-2009,10-14,0.00023,0.00114,2.78,98914,113,494319,6580804,66.53
SC,b,2000-2009,15-19,0.00078,0.00389,2.88,98801,384,493191,6086486,61.60
SC,b,2000-2009,20-24,0.00119,0.00592,2.55,98417,583,490655,5593295,56.83
SC,b,2000-2009,25-29,0.00131,0.00654,2.59,97834,639,487628,5102640,52.16
SC,b,2000-2009,30-34,0.00152,0.00759,2.57,97195,738,484179,4615012,47.48
SC,b,2000-2009,35-39,0.00202,0.01003,2.66,96457,968,480013,4130833,42.83
SC,b,2000-2009,40-44,0.00312,0.01547,2.65,95489,1478,473975,3650819,38.23
SC,b,2000-2009,45-49,0.00455,0.02253,2.62,94011,2118,465018,3176844,33.79
SC,b,2000-2009,50-54,0.00659,0.03244,2.61,91893,2981,452353,2711826,29.51
SC,b,2000-2009,55-59,0.00925,0.04525,2.62,88913,4023,434972,2259472,25.41
SC,b,2000-2009,60-64,0.01330,0.06445,2.61,84890,5471,411385,1824501,21.49
SC,b,2000-2009,65-69,0.01937,0.09255,2.61,79418,7350,379542,1413116,17.79
SC,b,2000-2009,70-74,0.02929,0.13688,2.61,72068,9865,336762,1033574,14.34
SC,b,2000-2009,75-79,0.04629,0.20811,2.58,62204,12945,279640,696813,11.20
SC,b,2000-2009,80-84,0.07377,0.31233,2.55,49259,15385,208549,417172,8.47
SC,b,2000-2009,85-89,0.12176,0.46489,2.46,33874,15748,129330,208624,6.16
SC,b,2000-2009,90-94,0.19668,0.64111,2.29,18126,11621,59086,79293,4.37
SC,b,2000-2009,95-99,0.30109,0.79721,2.05,6505,5186,17224,20207,3.11
SC,b,2000-2009,100-104,0.43119,0.90177,1.77,1319,1190,2759,2983,2.26
SC,b,2000-2009,105-109,0.57301,0.95564,1.51,130,124,216,224,1.73
SC,b,2000-2009,110+,0.68683,1.00000,1.46,6,6,8,8,1.46
SC,b,2010-2019,0,0.00703,0.00699,0.07,100000,699,99349,7698804,76.99
SC,b,2010-2019,1-4,0.00031,0.00126,1.51,99301,125,396895,7599455,76.53
SC,b,2010-2019,5-9,0.00014,0.00071,2.36,99177,70,495697,7202560,72.62
SC,b,2010-2019,10-14,0.00016,0.00082,2.89,99106,81,495360,6706862,67.67
SC,b,2010-2019,15-19,0.00061,0.00304,2.96,99025,301,494509,6211502,62.73
SC,b,2010-2019,20-24,0.00110,0.00547,2.63,98724,541,492339,5716993,57.91
SC,b,2010-2019,25-29,0.00133,0.00665,2.6,98183,653,489348,5224654,53.21
SC,b,2010-2019,30-34,0.00167,0.00834,2.57,97530,813,485679,4735306,48.55
SC,b,2010-2019,35-39,0.00207,0.01032,2.65,96717,998,481241,4249627,43.94
SC,b,2010-2019,40-44,0.00276,0.01373,2.65,95720,1314,475512,3768386,39.37
SC,b,2010-2019,45-49,0.00417,0.02063,2.69,94406,1948,467533,3292874,34.88
SC,b,2010-2019,50-54,0.00635,0.03127,2.65,92458,2891,455495,2825341,30.56
SC,b,2010-2019,55-59,0.00917,0.04486,2.59,89567,4018,438167,2369846,26.46
SC,b,2010-2019,60-64,0.01247,0.06053,2.59,85549,5179,415260,1931679,22.58
SC,b,2010-2019,65-69,0.01670,0.08030,2.61,80371,6454,386437,1516419,18.87
SC,b,2010-2019,70-74,0.02472,0.11674,2.63,73917,8629,349096,1129982,15.29
SC,b,2010-2019,75-79,0.03954,0.18064,2.61,65288,11794,298257,780886,11.96
SC,b,2010-2019,80-84,0.06480,0.27992,2.57,53494,14974,231098,482629,9.02
SC,b,2010-2019,85-89,0.10964,0.43021,2.5,38520,16572,151148,251532,6.53
SC,b,2010-2019,90-94,0.18399,0.61661,2.33,21948,13534,73555,100384,4.57
SC,b,2010-2019,95-99,0.29111,0.78677,2.08,8415,6620,22742,26829,3.19
SC,b,2010-2019,100-104,0.42749,0.90053,1.79,1794,1616,3780,4087,2.28
SC,b,2010-2019,105-109,0.57725,0.95711,1.51,178,171,296,307,1.72
SC,b,2010-2019,110+,0.69692,1.00000,1.43,8,8,11,11,1.43
