PopName,Sex,Year,Age,mx,qx,ax,lx,dx,Lx,Tx,ex
CT,f,1960-1969,0,0.01783,0.01755,0.1,100000,1755,98426,7484023,74.84
CT,f,1960-1969,1-4,0.00065,0.00259,1.52,98245,255,392348,7385597,75.18
CT,f,1960-1969,5-9,0.00029,0.00143,2.24,97990,140,489565,6993249,71.37
CT,f,1960-1969,10-14,0.00025,0.00125,2.62,97850,122,488961,6503684,66.47
CT,f,1960-1969,15-19,0.00040,0.00201,2.62,97728,196,488176,6014722,61.55
CT,f,1960-1969,20-24,0.00051,0.00257,2.56,97532,250,487052,5526547,56.66
CT,f,1960-1969,25-29,0.00069,0.00345,2.56,97282,336,485589,5039495,51.80
CT,f,1960-1969,30-34,0.00096,0.00480,2.57,96946,466,483599,4553905,46.97
CT,f,1960-1969,35-39,0.00151,0.00751,2.72,96480,724,480750,4070307,42.19
CT,f,1960-1969,40-44,0.00219,0.01088,2.67,95756,1042,476357,3589556,37.49
CT,f,1960-1969,45-49,0.00367,0.01821,2.71,94714,1725,469614,3113199,32.87
CT,f,1960-1969,50-54,0.00562,0.02775,2.67,92989,2580,458941,2643585,28.43
CT,f,1960-1969,55-59,0.00847,0.04154,2.64,90409,3755,443191,2184644,24.16
CT,f,1960-1969,60-64,0.01310,0.06356,2.67,86654,5508,420444,1741454,20.10
CT,f,1960-1969,65-69,0.02136,0.10169,2.65,81146,8251,386336,1321010,16.28
CT,f,1960-1969,70-74,0.03616,0.16653,2.63,72894,12139,335697,934674,12.82
CT,f,1960-1969,75-79,0.05904,0.25840,2.59,60755,15699,265898,598976,9.86
CT,f,1960-1969,80-84,0.09380,0.38071,2.53,45056,17153,182872,333078,7.39
CT,f,1960-1969,85-89,0.15034,0.53841,2.37,27903,15023,99930,150207,5.38
CT,f,1960-1969,90-94,0.22945,0.69827,2.2,12880,8993,39196,50277,3.90
CT,f,1960-1969,95-99,0.33375,0.82937,1.97,3886,3223,9657,11081,2.85
CT,f,1960-1969,100-104,0.45687,0.91380,1.72,663,606,1326,1423,2.15
CT,f,1960-1969,105-109,0.58609,0.95808,1.49,57,55,93,97,1.70
CT,f,1960-1969,110+,0.68830,1.00000,1.45,2,2,3,3,1.45
CT,f,1970-1979,0,0.01272,0.01257,0.09,100000,1257,98854,7731594,77.32
CT,f,1970-1979,1-4,0.00047,0.00189,1.64,98743,186,394533,7632740,77.30
CT,f,1970-1979,5-9,0.00027,0.00133,2.27,98557,131,492427,7238207,73.44
CT,f,1970-1979,10-14,0.00023,0.00113,2.67,98426,111,491872,6745780,68.54
CT,f,1970-1979,15-19,0.00043,0.00214,2.72,98315,210,491098,6253908,63.61
CT,f,1970-1979,20-24,0.00055,0.00272,2.51,98105,267,489861,5762811,58.74
CT,f,1970-1979,25-29,0.00059,0.00295,2.61,97838,289,488498,5272950,53.89
CT,f,1970-1979,30-34,0.00077,0.00386,2.68,97549,377,486871,4784452,49.05
CT,f,1970-1979,35-39,0.00117,0.00582,2.71,97172,566,484566,4297581,44.23
CT,f,1970-1979,40-44,0.00198,0.00984,2.76,96607,950,480902,3813015,39.47
CT,f,1970-1979,45-49,0.00324,0.01609,2.72,95656,1539,474779,3332113,34.83
CT,f,1970-1979,50-54,0.00480,0.02373,2.65,94117,2233,465332,2857334,30.36
CT,f,1970-1979,55-59,0.00718,0.03532,2.65,91884,3245,451784,2392002,26.03
CT,f,1970-1979,60-64,0.01121,0.05461,2.66,88638,4841,431885,1940218,21.89
CT,f,1970-1979,65-69,0.01714,0.08232,2.62,83798,6898,402560,1508333,18.00
CT,f,1970-1979,70-74,0.02815,0.13201,2.65,76899,10151,360593,1105772,14.38
CT,f,1970-1979,75-79,0.04659,0.20949,2.6,66748,13983,300135,745179,11.16
CT,f,1970-1979,80-84,0.07484,0.31640,2.56,52765,16695,223056,445044,8.43
CT,f,1970-1979,85-89,0.12341,0.46879,2.44,36070,16909,137023,221988,6.15
CT,f,1970-1979,90-94,0.19445,0.63604,2.28,19161,12187,62674,84965,4.43
CT,f,1970-1979,95-99,0.29197,0.78575,2.06,6974,5480,18768,22291,3.20
CT,f,1970-1979,100-104,0.41247,0.89000,1.81,1494,1330,3224,3523,2.36
CT,f,1970-1979,105-109,0.54473,0.94741,1.56,164,156,286,299,1.82
CT,f,1970-1979,110+,0.65222,1.00000,1.53,9,9,13,13,1.53
CT,f,1980-1989,0,0.00907,0.00899,0.08,100000,899,99171,7913199,79.13
CT,f,1980-1989,1-4,0.00033,0.00131,1.68,99101,130,396101,7814028,78.85
CT,f,1980-1989,5-9,0.00018,0.00092,2.27,98970,91,494605,7417927,74.95
CT,f,1980-1989,10-14,0.00015,0.00076,2.83,98880,75,494235,6923323,70.02
CT,f,1980-1989,15-19,0.00038,0.00192,2.67,98804,189,493581,6429087,65.07
CT,f,1980-1989,20-24,0.00046,0.00230,2.61,98615,226,492536,5935507,60.19
CT,f,1980-1989,25-29,0.00057,0.00285,2.59,98389,281,491268,5442971,55.32
CT,f,1980-1989,30-34,0.00070,0.00349,2.64,98108,342,489733,4951703,50.47
CT,f,1980-1989,35-39,0.00098,0.00490,2.64,97766,479,487700,4461970,45.64
CT,f,1980-1989,40-44,0.00153,0.00764,2.72,97287,744,484741,3974270,40.85
CT,f,1980-1989,45-49,0.00248,0.01233,2.74,96544,1190,480029,3489529,36.14
CT,f,1980-1989,50-54,0.00405,0.02009,2.69,95353,1915,472340,3009501,31.56
CT,f,1980-1989,55-59,0.00646,0.03183,2.71,93438,2974,460371,2537161,27.15
CT,f,1980-1989,60-64,0.01014,0.04953,2.67,90464,4481,441888,2076790,22.96
CT,f,1980-1989,65-69,0.01578,0.07610,2.66,85984,6543,414606,1634902,19.01
CT,f,1980-1989,70-74,0.02456,0.11602,2.62,79440,9217,375291,1220296,15.36
CT,f,1980-1989,75-79,0.03836,0.17577,2.62,70224,12343,321750,845005,12.03
CT,f,1980-1989,80-84,0.06450,0.27889,2.58,57880,16142,250268,523255,9.04
CT,f,1980-1989,85-89,0.11105,0.43427,2.49,41738,18126,163216,272987,6.54
CT,f,1980-1989,90-94,0.18126,0.61019,2.32,23612,14408,79489,109771,4.65
CT,f,1980-1989,95-99,0.28123,0.77378,2.09,9204,7122,25325,30282,3.29
CT,f,1980-1989,100-104,0.40771,0.88791,1.82,2082,1849,4535,4957,2.38
CT,f,1980-1989,105-109,0.54801,0.94888,1.56,233,221,404,422,1.81
CT,f,1980-1989,110+,0.66202,1.00000,1.51,12,12,18,18,1.51
CT,f,1990-1999,0,0.00672,0.00668,0.07,100000,668,99380,8032207,80.32
CT,f,1990-1999,1-4,0.00026,0.00104,1.55,99332,103,397075,7932827,79.86
CT,f,1990-1999,5-9,0.00012,0.00058,2.34,99229,57,495992,7535751,75.94
CT,f,1990-1999,10-14,0.00014,0.00072,2.83,99172,72,495702,7039759,70.99
CT,f,1990-1999,15-19,0.00032,0.00162,2.53,99100,160,495103,6544057,66.03
CT,f,1990-1999,20-24,0.00043,0.00216,2.58,98940,213,494181,6048954,61.14
CT,f,1990-1999,25-29,0.00053,0.00265,2.8,98726,262,493054,5554772,56.26
CT,f,1990-1999,30-34,0.00075,0.00375,2.66,98464,370,491456,5061718,51.41
CT,f,1990-1999,35-39,0.00109,0.00545,2.66,98095,535,489224,4570262,46.59
CT,f,1990-1999,40-44,0.00144,0.00715,2.61,97560,698,486130,4081037,41.83
CT,f,1990-1999,45-49,0.00217,0.01080,2.65,96862,1046,481848,3594908,37.11
CT,f,1990-1999,50-54,0.00348,0.01725,2.69,95816,1653,475254,3113060,32.49
CT,f,1990-1999,55-59,0.00557,0.02750,2.68,94163,2590,464808,2637806,28.01
CT,f,1990-1999,60-64,0.00901,0.04410,2.65,91573,4039,448394,2172998,23.73
CT,f,1990-1999,65-69,0.01402,0.06789,2.65,87535,5943,423736,1724604,19.70
CT,f,1990-1999,70-74,0.02220,0.10543,2.63,81592,8602,387568,1300868,15.94
CT,f,1990-1999,75-79,0.03506,0.16185,2.63,72990,11813,336979,913300,12.51
CT,f,1990-1999,80-84,0.05948,0.26032,2.61,61177,15926,267754,576321,9.42
CT,f,1990-1999,85-89,0.10208,0.40636,2.49,45251,18388,180141,308567,6.82
CT,f,1990-1999,90-94,0.17356,0.59427,2.35,26863,15964,91981,128426,4.78
CT,f,1990-1999,95-99,0.27518,0.76681,2.11,10899,8358,30372,36445,3.34
CT,f,1990-1999,100-104,0.40570,0.88723,1.83,2542,2255,5558,6074,2.39
CT,f,1990-1999,105-109,0.55138,0.95017,1.55,287,272,494,515,1.80
CT,f,1990-1999,110+,0.66961,1.00000,1.49,14,14,21,21,1.49
CT,f,2000-2009,0,0.00562,0.00559,0.07,100000,559,99479,8169621,81.70
CT,f,2000-2009,1-4,0.00018,0.00073,1.63,99441,73,397590,8070142,81.16
CT,f,2000-2009,5-9,0.00009,0.00044,2.23,99368,43,496720,7672551,77.21
CT,f,2000-2009,10-14,0.00009,0.00047,2.91,99325,47,496526,7175831,72.25
CT,f,2000-2009,15-19,0.00023,0.00113,2.76,99278,112,496140,6679305,67.28
CT,f,2000-2009,20-24,0.00042,0.00211,2.57,99166,209,495323,6183165,62.35
CT,f,2000-2009,25-29,0.00045,0.00226,2.61,98957,224,494251,5687842,57.48
CT,f,2000-2009,30-34,0.00056,0.00281,2.75,98733,277,493043,5193591,52.60
CT,f,2000-2009,35-39,0.00090,0.00450,2.76,98456,443,491289,4700548,47.74
CT,f,2000-2009,40-44,0.00135,0.00673,2.63,98013,659,488502,4209259,42.95
CT,f,2000-2009,45-49,0.00202,0.01006,2.66,97354,980,484478,3720757,38.22
CT,f,2000-2009,50-54,0.00300,0.01488,2.66,96374,1434,478518,3236280,33.58
CT,f,2000-2009,55-59,0.00456,0.02259,2.69,94940,2144,469752,2757762,29.05
CT,f,2000-2009,60-64,0.00753,0.03700,2.67,92796,3433,455988,2288009,24.66
CT,f,2000-2009,65-69,0.01171,0.05697,2.66,89362,5091,434908,1832021,20.50
CT,f,2000-2009,70-74,0.01883,0.09019,2.67,84271,7600,403648,1397113,16.58
CT,f,2000-2009,75-79,0.03098,0.14436,2.64,76671,11068,357230,993465,12.96
CT,f,2000-2009,80-84,0.05402,0.23947,2.63,65603,15710,290788,636235,9.70
CT,f,2000-2009,85-89,0.09776,0.39412,2.54,49893,19664,201152,345447,6.92
CT,f,2000-2009,90-94,0.17214,0.59220,2.37,30229,17902,103993,144296,4.77
CT,f,2000-2009,95-99,0.28170,0.77637,2.11,12328,9571,33976,40302,3.27
CT,f,2000-2009,100-104,0.42364,0.89907,1.8,2757,2479,5851,6327,2.29
CT,f,2000-2009,105-109,0.58010,0.95812,1.51,278,267,460,476,1.71
CT,f,2000-2009,110+,0.70430,1.00000,1.42,12,12,17,17,1.42
CT,f,2010-2019,0,0.00445,0.00443,0.07,100000,443,99586,8314569,83.15
CT,f,2010-2019,1-4,0.00012,0.00049,1.61,99557,49,398110,8214983,82.52
CT,f,2010-2019,5-9,0.00010,0.00049,2.45,99508,48,497416,7816873,78.56
CT,f,2010-2019,10-14,0.00008,0.00042,2.75,99460,42,497203,7319457,73.59
CT,f,2010-2019,15-19,0.00019,0.00097,2.79,99418,96,496876,6822254,68.62
CT,f,2010-2019,20-24,0.00040,0.00201,2.76,99321,200,496159,6325378,63.69
CT,f,2010-2019,25-29,0.00056,0.00279,2.5,99122,277,494915,5829219,58.81
CT,f,2010-2019,30-34,0.00067,0.00332,2.66,98845,328,493456,5334304,53.97
CT,f,2010-2019,35-39,0.00080,0.00399,2.6,98516,393,491638,4840847,49.14
CT,f,2010-2019,40-44,0.00121,0.00603,2.63,98123,592,489214,4349210,44.32
CT,f,2010-2019,45-49,0.00185,0.00919,2.68,97532,896,485581,3859996,39.58
CT,f,2010-2019,50-54,0.00277,0.01376,2.63,96635,1330,480029,3374414,34.92
CT,f,2010-2019,55-59,0.00410,0.02033,2.65,95306,1937,471966,2894385,30.37
CT,f,2010-2019,60-64,0.00607,0.02993,2.68,93368,2794,460353,2422419,25.94
CT,f,2010-2019,65-69,0.00949,0.04644,2.67,90574,4206,443065,1962066,21.66
CT,f,2010-2019,70-74,0.01555,0.07503,2.67,86368,6481,416769,1519001,17.59
CT,f,2010-2019,75-79,0.02672,0.12579,2.67,79887,10049,376025,1102232,13.80
CT,f,2010-2019,80-84,0.04639,0.20902,2.64,69838,14598,314680,726207,10.40
CT,f,2010-2019,85-89,0.08470,0.35156,2.58,55240,19420,229296,411527,7.45
CT,f,2010-2019,90-94,0.15623,0.55627,2.41,35820,19925,127541,182230,5.09
CT,f,2010-2019,95-99,0.26392,0.75398,2.16,15894,11984,45407,54690,3.44
CT,f,2010-2019,100-104,0.40786,0.89034,1.84,3910,3481,8536,9282,2.37
CT,f,2010-2019,105-109,0.57007,0.95604,1.52,429,410,719,746,1.74
CT,f,2010-2019,110+,0.70003,1.00000,1.43,19,19,27,27,1.43
