PopName,Sex,Year,Age,mx,qx,ax,lx,dx,Lx,Tx,ex
HI,f,1960-1969,0,0.01763,0.01735,0.1,100000,1735,98442,7562447,75.62
HI,f,1960-1969,1-4,0.00073,0.00290,1.55,98265,285,392362,7464004,75.96
HI,f,1960-1969,5-9,0.00034,0.00169,2.38,97980,166,489465,7071643,72.17
HI,f,1960-1969,10-14,0.00030,0.00152,2.59,97814,148,488711,6582178,67.29
HI,f,1960-1969,15-19,0.00046,0.00228,2.57,97665,222,487786,6093467,62.39
HI,f,1960-1969,20-24,0.00064,0.00317,2.52,97443,309,486449,5605681,57.53
HI,f,1960-1969,25-29,0.00077,0.00382,2.61,97134,371,484782,5119232,52.70
HI,f,1960-1969,30-34,0.00100,0.00499,2.6,96763,483,482655,4634450,47.89
HI,f,1960-1969,35-39,0.00148,0.00736,2.69,96280,709,479764,4151795,43.12
HI,f,1960-1969,40-44,0.00206,0.01027,2.65,95571,981,475552,3672031,38.42
HI,f,1960-1969,45-49,0.00356,0.01763,2.7,94590,1668,469110,3196479,33.79
HI,f,1960-1969,50-54,0.00595,0.02937,2.68,92922,2729,458277,2727369,29.35
HI,f,1960-1969,55-59,0.00894,0.04377,2.6,90193,3948,441489,2269092,25.16
HI,f,1960-1969,60-64,0.01250,0.06067,2.62,86246,5233,418780,1827603,21.19
HI,f,1960-1969,65-69,0.01958,0.09351,2.6,81013,7575,386890,1408823,17.39
HI,f,1960-1969,70-74,0.03089,0.14377,2.6,73437,10558,341840,1021933,13.92
HI,f,1960-1969,75-79,0.05019,0.22317,2.52,62880,14033,279610,680094,10.82
HI,f,1960-1969,80-84,0.07768,0.32642,2.56,48847,15944,205266,400484,8.20
HI,f,1960-1969,85-89,0.12918,0.48528,2.44,32902,15967,123603,195217,5.93
HI,f,1960-1969,90-94,0.20608,0.65861,2.26,16935,11154,54124,71614,4.23
HI,f,1960-1969,95-99,0.31098,0.80757,2.02,5782,4669,15014,17490,3.03
HI,f,1960-1969,100-104,0.43894,0.90552,1.76,1113,1007,2295,2476,2.23
HI,f,1960-1969,105-109,0.57614,0.95612,1.51,105,101,174,181,1.72
HI,f,1960-1969,110+,0.68538,1.00000,1.46,5,5,7,7,1.46
HI,f,1970-1979,0,0.01265,0.01251,0.09,100000,1251,98860,7902532,79.03
HI,f,1970-1979,1-4,0.00044,0.00176,1.62,98749,174,394581,7803672,79.03
HI,f,1970-1979,5-9,0.00022,0.00109,2.36,98575,107,492591,7409091,75.16
HI,f,1970-1979,10-14,0.00018,0.00089,2.34,98468,88,492105,6916500,70.24
HI,f,1970-1979,15-19,0.00044,0.00221,2.65,98380,217,491389,6424394,65.30
HI,f,1970-1979,20-24,0.00062,0.00310,2.68,98162,305,490106,5933005,60.44
HI,f,1970-1979,25-29,0.00067,0.00334,2.63,97858,327,488516,5442899,55.62
HI,f,1970-1979,30-34,0.00082,0.00409,2.56,97531,399,486684,4954383,50.80
HI,f,1970-1979,35-39,0.00115,0.00576,2.6,97132,559,484319,4467700,46.00
HI,f,1970-1979,40-44,0.00171,0.00854,2.73,96573,825,480992,3983380,41.25
HI,f,1970-1979,45-49,0.00283,0.01407,2.69,95748,1347,475627,3502389,36.58
HI,f,1970-1979,50-54,0.00436,0.02158,2.71,94401,2037,467343,3026762,32.06
HI,f,1970-1979,55-59,0.00626,0.03084,2.67,92364,2849,455192,2559419,27.71
HI,f,1970-1979,60-64,0.00923,0.04519,2.67,89515,4045,438136,2104227,23.51
HI,f,1970-1979,65-69,0.01497,0.07227,2.63,85470,6177,412693,1666091,19.49
HI,f,1970-1979,70-74,0.02313,0.10949,2.57,79293,8682,375364,1253398,15.81
HI,f,1970-1979,75-79,0.03774,0.17305,2.6,70611,12219,323769,878034,12.43
HI,f,1970-1979,80-84,0.06127,0.26686,2.59,58392,15582,254334,554266,9.49
HI,f,1970-1979,85-89,0.10143,0.40436,2.49,42810,17310,170670,299932,7.01
HI,f,1970-1979,90-94,0.16260,0.56844,2.35,25499,14495,89142,129261,5.07
HI,f,1970-1979,95-99,0.24926,0.72937,2.16,11004,8026,32200,40119,3.65
HI,f,1970-1979,100-104,0.36104,0.85360,1.91,2978,2542,7041,7919,2.66
HI,f,1970-1979,105-109,0.48999,0.92858,1.66,436,405,826,878,2.01
HI,f,1970-1979,110+,0.59819,1.00000,1.67,31,31,52,52,1.67
HI,f,1980-1989,0,0.00819,0.00812,0.08,100000,812,99249,8104853,81.05
HI,f,1980-1989,1-4,0.00037,0.00149,1.54,99188,148,396387,8005604,80.71
HI,f,1980-1989,5-9,0.00020,0.00102,2.58,99040,101,494955,7609217,76.83
HI,f,1980-1989,10-14,0.00020,0.00100,2.6,98939,99,494457,7114263,71.91
HI,f,1980-1989,15-19,0.00040,0.00201,2.69,98840,199,493740,6619806,66.97
HI,f,1980-1989,20-24,0.00049,0.00245,2.6,98641,242,492627,6126066,62.10
HI,f,1980-1989,25-29,0.00040,0.00202,2.39,98400,199,491479,5633438,57.25
HI,f,1980-1989,30-34,0.00056,0.00281,2.6,98201,276,490339,5141959,52.36
HI,f,1980-1989,35-39,0.00092,0.00458,2.8,97924,449,488637,4651620,47.50
HI,f,1980-1989,40-44,0.00143,0.00714,2.75,97476,696,485810,4162983,42.71
HI,f,1980-1989,45-49,0.00250,0.01240,2.65,96779,1200,481079,3677173,38.00
HI,f,1980-1989,50-54,0.00358,0.01776,2.58,95579,1698,473794,3196094,33.44
HI,f,1980-1989,55-59,0.00554,0.02734,2.68,93881,2567,463439,2722300,29.00
HI,f,1980-1989,60-64,0.00778,0.03819,2.64,91314,3487,448354,2258862,24.74
HI,f,1980-1989,65-69,0.01219,0.05927,2.65,87827,5205,426885,1810507,20.61
HI,f,1980-1989,70-74,0.01889,0.09049,2.68,82622,7476,395735,1383622,16.75
HI,f,1980-1989,75-79,0.03244,0.15089,2.69,75145,11339,349546,987887,13.15
HI,f,1980-1989,80-84,0.05487,0.24250,2.61,63807,15473,281997,638341,10.00
HI,f,1980-1989,85-89,0.09273,0.37697,2.52,48334,18220,196487,356344,7.37
HI,f,1980-1989,90-94,0.15178,0.54325,2.38,30114,16359,107780,159857,5.31
HI,f,1980-1989,95-99,0.23735,0.71173,2.19,13754,9790,41245,52077,3.79
HI,f,1980-1989,100-104,0.34992,0.84477,1.94,3965,3349,9572,10832,2.73
HI,f,1980-1989,105-109,0.48179,0.92556,1.67,615,570,1182,1260,2.05
HI,f,1980-1989,110+,0.59322,1.00000,1.69,46,46,77,77,1.69
HI,f,1990-1999,0,0.00652,0.00649,0.07,100000,649,99398,8189614,81.90
HI,f,1990-1999,1-4,0.00030,0.00119,1.67,99351,118,397132,8090216,81.43
HI,f,1990-1999,5-9,0.00012,0.00058,2.57,99234,57,496030,7693084,77.52
HI,f,1990-1999,10-14,0.00015,0.00075,2.92,99177,74,495729,7197054,72.57
HI,f,1990-1999,15-19,0.00032,0.00161,2.74,99102,160,495152,6701325,67.62
HI,f,1990-1999,20-24,0.00047,0.00234,2.57,98943,232,494150,6206173,62.72
HI,f,1990-1999,25-29,0.00043,0.00217,2.46,98711,214,493011,5712023,57.87
HI,f,1990-1999,30-34,0.00064,0.00320,2.67,98497,315,491748,5219012,52.99
HI,f,1990-1999,35-39,0.00079,0.00395,2.66,98182,388,490000,4727264,48.15
HI,f,1990-1999,40-44,0.00131,0.00651,2.6,97794,636,487445,4237264,43.33
HI,f,1990-1999,45-49,0.00204,0.01015,2.66,97158,986,483479,3749819,38.60
HI,f,1990-1999,50-54,0.00333,0.01652,2.73,96171,1589,477251,3266340,33.96
HI,f,1990-1999,55-59,0.00530,0.02619,2.72,94583,2477,467257,2789089,29.49
HI,f,1990-1999,60-64,0.00770,0.03781,2.61,92106,3482,452195,2321833,25.21
HI,f,1990-1999,65-69,0.01142,0.05562,2.67,88624,4929,431640,1869637,21.10
HI,f,1990-1999,70-74,0.01709,0.08219,2.68,83694,6878,402520,1437997,17.18
HI,f,1990-1999,75-79,0.02835,0.13303,2.69,76816,10219,360453,1035477,13.48
HI,f,1990-1999,80-84,0.05115,0.22814,2.63,66597,15194,297032,675024,10.14
HI,f,1990-1999,85-89,0.09064,0.37064,2.54,51403,19052,210205,377993,7.35
HI,f,1990-1999,90-94,0.15467,0.55118,2.39,32351,17831,115286,167788,5.19
HI,f,1990-1999,95-99,0.24983,0.73207,2.17,14520,10629,42546,52502,3.62
HI,f,1990-1999,100-104,0.37585,0.86688,1.89,3890,3372,8973,9955,2.56
HI,f,1990-1999,105-109,0.52121,0.94108,1.61,518,487,935,983,1.90
HI,f,1990-1999,110+,0.64182,1.00000,1.56,31,31,48,48,1.56
HI,f,2000-2009,0,0.00590,0.00586,0.07,100000,586,99454,8302258,83.02
HI,f,2000-2009,1-4,0.00022,0.00088,1.58,99414,87,397442,8202804,82.51
HI,f,2000-2009,5-9,0.00011,0.00053,2.32,99326,53,496489,7805362,78.58
HI,f,2000-2009,10-14,0.00011,0.00053,2.77,99273,53,496249,7308873,73.62
HI,f,2000-2009,15-19,0.00028,0.00141,3.15,99221,140,495844,6812624,68.66
HI,f,2000-2009,20-24,0.00037,0.00184,2.43,99081,182,494935,6316779,63.75
HI,f,2000-2009,25-29,0.00038,0.00189,2.58,98898,187,494039,5821844,58.87
HI,f,2000-2009,30-34,0.00055,0.00276,2.62,98711,273,492906,5327805,53.97
HI,f,2000-2009,35-39,0.00088,0.00438,2.76,98438,431,491225,4834899,49.12
HI,f,2000-2009,40-44,0.00136,0.00678,2.64,98007,665,488466,4343674,44.32
HI,f,2000-2009,45-49,0.00214,0.01065,2.69,97342,1037,484318,3855208,39.60
HI,f,2000-2009,50-54,0.00307,0.01523,2.62,96305,1467,478035,3370890,35.00
HI,f,2000-2009,55-59,0.00445,0.02200,2.69,94838,2087,469367,2892855,30.50
HI,f,2000-2009,60-64,0.00690,0.03394,2.71,92752,3148,456549,2423488,26.13
HI,f,2000-2009,65-69,0.00989,0.04834,2.67,89604,4331,437911,1966939,21.95
HI,f,2000-2009,70-74,0.01514,0.07315,2.67,85273,6237,411859,1529028,17.93
HI,f,2000-2009,75-79,0.02434,0.11516,2.66,79035,9101,373893,1117169,14.14
HI,f,2000-2009,80-84,0.04321,0.19635,2.68,69934,13732,317830,743276,10.63
HI,f,2000-2009,85-89,0.08272,0.34482,2.59,56202,19380,234295,425447,7.57
HI,f,2000-2009,90-94,0.15135,0.54464,2.43,36822,20055,132510,191151,5.19
HI,f,2000-2009,95-99,0.25839,0.74657,2.17,16767,12518,48445,58641,3.50
HI,f,2000-2009,100-104,0.40293,0.88747,1.85,4249,3771,9359,10196,2.40
HI,f,2000-2009,105-109,0.56701,0.95540,1.53,478,457,806,836,1.75
HI,f,2000-2009,110+,0.69886,1.00000,1.43,21,21,31,31,1.43
HI,f,2010-2019,0,0.00505,0.00503,0.07,100000,503,99531,8444569,84.45
HI,f,2010-2019,1-4,0.00018,0.00070,1.59,99497,70,397821,8345038,83.87
HI,f,2010-2019,5-9,0.00010,0.00049,2.31,99427,49,497006,7947217,79.93
HI,f,2010-2019,10-14,0.00010,0.00048,2.62,99379,48,496779,7450212,74.97
HI,f,2010-2019,15-19,0.00028,0.00142,3.05,99331,141,496379,6953432,70.00
HI,f,2010-2019,20-24,0.00037,0.00184,2.4,99190,183,495474,6457053,65.10
HI,f,2010-2019,25-29,0.00040,0.00200,2.44,99007,198,494528,5961580,60.21
HI,f,2010-2019,30-34,0.00056,0.00279,2.54,98809,276,493366,5467051,55.33
HI,f,2010-2019,35-39,0.00084,0.00419,2.65,98533,413,491694,4973685,50.48
HI,f,2010-2019,40-44,0.00130,0.00646,2.72,98120,634,489153,4481991,45.68
HI,f,2010-2019,45-49,0.00196,0.00974,2.72,97486,950,485263,3992838,40.96
HI,f,2010-2019,50-54,0.00307,0.01523,2.62,96536,1471,479189,3507575,36.33
HI,f,2010-2019,55-59,0.00440,0.02177,2.63,95066,2070,470422,3028387,31.86
HI,f,2010-2019,60-64,0.00597,0.02943,2.61,92996,2737,458446,2557965,27.51
HI,f,2010-2019,65-69,0.00880,0.04309,2.64,90259,3889,442103,2099519,23.26
HI,f,2010-2019,70-74,0.01322,0.06411,2.63,86370,5537,418711,1657417,19.19
HI,f,2010-2019,75-79,0.02179,0.10354,2.61,80833,8369,384173,1238706,15.32
HI,f,2010-2019,80-84,0.03399,0.15766,2.71,72464,11425,336129,854533,11.79
HI,f,2010-2019,85-89,0.06662,0.28772,2.63,61039,17562,263611,518404,8.49
HI,f,2010-2019,90-94,0.12550,0.47732,2.49,43477,20752,165362,254794,5.86
HI,f,2010-2019,95-99,0.22176,0.69000,2.26,22725,15680,70707,89432,3.94
HI,f,2010-2019,100-104,0.35876,0.85596,1.95,7045,6030,16807,18724,2.66
HI,f,2010-2019,105-109,0.52310,0.94312,1.61,1015,957,1830,1917,1.89
HI,f,2010-2019,110+,0.66048,1.00000,1.51,58,58,87,87,1.51
