PopName,Sex,Year,Age,mx,qx,ax,lx,dx,Lx,Tx,ex
NV,f,1960-1969,0,0.02249,0.02205,0.12,100000,2205,98050,7306867,73.07
NV,f,1960-1969,1-4,0.00116,0.00462,1.67,97795,452,390125,7208817,73.71
NV,f,1960-1969,5-9,0.00045,0.00226,2.27,97343,220,486114,6818691,70.05
NV,f,1960-1969,10-14,0.00032,0.00160,2.51,97123,156,485227,6332578,65.20
NV,f,1960-1969,15-19,0.00079,0.00393,2.66,96967,381,483945,5847350,60.30
NV,f,1960-1969,20-24,0.00114,0.00569,2.38,96586,549,481489,5363406,55.53
NV,f,1960-1969,25-29,0.00123,0.00611,2.42,96037,586,478668,4881916,50.83
NV,f,1960-1969,30-34,0.00186,0.00925,2.58,95450,883,475115,4403249,46.13
NV,f,1960-1969,35-39,0.00237,0.01179,2.7,94567,1115,470274,3928133,41.54
NV,f,1960-1969,40-44,0.00329,0.01632,2.54,93452,1525,463514,3457860,37.00
NV,f,1960-1969,45-49,0.00528,0.02608,2.82,91927,2398,454399,2994346,32.57
NV,f,1960-1969,50-54,0.00708,0.03480,2.58,89529,3116,440106,2539947,28.37
NV,f,1960-1969,55-59,0.01027,0.05010,2.57,86413,4329,421538,2099841,24.30
NV,f,1960-1969,60-64,0.01498,0.07224,2.55,82084,5929,395887,1678304,20.45
NV,f,1960-1969,65-69,0.02141,0.10192,2.64,76155,7761,362474,1282417,16.84
NV,f,1960-1969,70-74,0.03478,0.16056,2.61,68393,10981,315690,919943,13.45
NV,f,1960-1969,75-79,0.05407,0.23871,2.55,57412,13705,253439,604252,10.52
NV,f,1960-1969,80-84,0.07928,0.33217,2.56,43707,14518,183131,350813,8.03
NV,f,1960-1969,85-89,0.13431,0.49944,2.43,29189,14578,108541,167681,5.74
NV,f,1960-1969,90-94,0.21720,0.67916,2.24,14611,9923,45687,59140,4.05
NV,f,1960-1969,95-99,0.33011,0.82755,1.99,4688,3879,11752,13453,2.87
NV,f,1960-1969,100-104,0.46610,0.91930,1.71,808,743,1594,1701,2.10
NV,f,1960-1969,105-109,0.60822,0.96357,1.46,65,63,103,107,1.63
NV,f,1960-1969,110+,0.71857,1.00000,1.39,2,2,3,3,1.39
NV,f,1970-1979,0,0.01527,0.01506,0.1,100000,1506,98638,7584708,75.85
NV,f,1970-1979,1-4,0.00065,0.00259,1.47,98494,255,393331,7486070,76.01
NV,f,1970-1979,5-9,0.00040,0.00198,1.96,98239,194,490602,7092740,72.20
NV,f,1970-1979,10-14,0.00032,0.00159,2.8,98044,156,489879,6602138,67.34
NV,f,1970-1979,15-19,0.00091,0.00455,2.77,97889,445,488450,6112259,62.44
NV,f,1970-1979,20-24,0.00094,0.00468,2.59,97443,456,486120,5623809,57.71
NV,f,1970-1979,25-29,0.00095,0.00472,2.68,96987,458,483873,5137690,52.97
NV,f,1970-1979,30-34,0.00110,0.00548,2.67,96529,529,481416,4653817,48.21
NV,f,1970-1979,35-39,0.00187,0.00932,2.65,96001,895,477902,4172400,43.46
NV,f,1970-1979,40-44,0.00284,0.01409,2.65,95106,1340,472382,3694498,38.85
NV,f,1970-1979,45-49,0.00424,0.02096,2.57,93765,1966,464046,3222117,34.36
NV,f,1970-1979,50-54,0.00620,0.03057,2.68,91800,2806,452488,2758070,30.04
NV,f,1970-1979,55-59,0.00890,0.04359,2.6,88993,3879,435657,2305583,25.91
NV,f,1970-1979,60-64,0.01287,0.06238,2.55,85114,5310,412573,1869925,21.97
NV,f,1970-1979,65-69,0.01785,0.08562,2.64,79805,6833,382890,1457352,18.26
NV,f,1970-1979,70-74,0.03016,0.14062,2.6,72972,10262,340195,1074462,14.72
NV,f,1970-1979,75-79,0.04545,0.20533,2.65,62710,12876,283288,734267,11.71
NV,f,1970-1979,80-84,0.06447,0.27905,2.59,49834,13906,215712,450979,9.05
NV,f,1970-1979,85-89,0.11040,0.43216,2.49,35928,15527,140644,235267,6.55
NV,f,1970-1979,90-94,0.18163,0.61108,2.32,20401,12467,68637,94623,4.64
NV,f,1970-1979,95-99,0.28264,0.77567,2.09,7934,6154,21775,25986,3.28
NV,f,1970-1979,100-104,0.41045,0.88973,1.82,1780,1584,3858,4211,2.37
NV,f,1970-1979,105-109,0.55195,0.95006,1.55,196,186,338,353,1.80
NV,f,1970-1979,110+,0.66663,1.00000,1.5,10,10,15,15,1.50
NV,f,1980-1989,0,0.00825,0.00819,0.08,100000,819,99243,7766203,77.66
NV,f,1980-1989,1-4,0.00056,0.00225,1.59,99181,223,396185,7666960,77.30
NV,f,1980-1989,5-9,0.00018,0.00089,2.44,98957,88,494562,7270775,73.47
NV,f,1980-1989,10-14,0.00020,0.00102,2.74,98869,101,494118,6776214,68.54
NV,f,1980-1989,15-19,0.00065,0.00327,2.75,98768,323,493115,6282096,63.60
NV,f,1980-1989,20-24,0.00082,0.00408,2.55,98446,401,491243,5788981,58.80
NV,f,1980-1989,25-29,0.00082,0.00408,2.42,98044,401,489186,5297737,54.03
NV,f,1980-1989,30-34,0.00095,0.00473,2.66,97644,462,487138,4808552,49.25
NV,f,1980-1989,35-39,0.00127,0.00634,2.62,97182,616,484439,4321414,44.47
NV,f,1980-1989,40-44,0.00195,0.00972,2.64,96565,939,480613,3836975,39.73
NV,f,1980-1989,45-49,0.00321,0.01595,2.7,95627,1525,474625,3356362,35.10
NV,f,1980-1989,50-54,0.00530,0.02617,2.7,94102,2463,464835,2881737,30.62
NV,f,1980-1989,55-59,0.00792,0.03888,2.71,91639,3563,450048,2416902,26.37
NV,f,1980-1989,60-64,0.01281,0.06215,2.61,88076,5474,427294,1966854,22.33
NV,f,1980-1989,65-69,0.01789,0.08587,2.68,82602,7093,396572,1539560,18.64
NV,f,1980-1989,70-74,0.02878,0.13488,2.67,75508,10185,353861,1142989,15.14
NV,f,1980-1989,75-79,0.04333,0.19576,2.54,65324,12788,295142,789127,12.08
NV,f,1980-1989,80-84,0.06018,0.26297,2.6,52536,13815,229572,493985,9.40
NV,f,1980-1989,85-89,0.10342,0.41103,2.5,38720,15915,153885,264413,6.83
NV,f,1980-1989,90-94,0.17110,0.58846,2.35,22805,13420,78432,110528,4.85
NV,f,1980-1989,95-99,0.26826,0.75719,2.12,9385,7106,26491,32097,3.42
NV,f,1980-1989,100-104,0.39312,0.87851,1.85,2279,2002,5093,5606,2.46
NV,f,1980-1989,105-109,0.53383,0.94472,1.58,277,262,490,514,1.85
NV,f,1980-1989,110+,0.64932,1.00000,1.54,15,15,24,24,1.54
NV,f,1990-1999,0,0.00608,0.00604,0.07,100000,604,99438,7855315,78.55
NV,f,1990-1999,1-4,0.00040,0.00161,1.45,99396,161,397174,7755877,78.03
NV,f,1990-1999,5-9,0.00019,0.00096,2.41,99235,95,495928,7358703,74.15
NV,f,1990-1999,10-14,0.00019,0.00097,2.95,99140,96,495502,6862775,69.22
NV,f,1990-1999,15-19,0.00052,0.00258,2.86,99044,256,494671,6367274,64.29
NV,f,1990-1999,20-24,0.00060,0.00302,2.6,98788,298,493226,5872603,59.45
NV,f,1990-1999,25-29,0.00061,0.00305,2.54,98490,300,491712,5379377,54.62
NV,f,1990-1999,30-34,0.00083,0.00412,2.61,98190,405,489983,4887666,49.78
NV,f,1990-1999,35-39,0.00135,0.00672,2.67,97786,657,487398,4397683,44.97
NV,f,1990-1999,40-44,0.00186,0.00926,2.62,97129,899,483500,3910285,40.26
NV,f,1990-1999,45-49,0.00276,0.01372,2.64,96229,1320,478037,3426785,35.61
NV,f,1990-1999,50-54,0.00437,0.02162,2.67,94909,2052,469764,2948748,31.07
NV,f,1990-1999,55-59,0.00682,0.03355,2.67,92858,3115,457033,2478984,26.70
NV,f,1990-1999,60-64,0.01150,0.05602,2.67,89742,5027,437003,2021951,22.53
NV,f,1990-1999,65-69,0.01721,0.08266,2.64,84715,7003,407015,1584948,18.71
NV,f,1990-1999,70-74,0.02744,0.12873,2.6,77712,10004,364539,1177932,15.16
NV,f,1990-1999,75-79,0.04288,0.19435,2.59,67708,13159,306878,813393,12.01
NV,f,1990-1999,80-84,0.06171,0.26874,2.6,54549,14660,237548,506515,9.29
NV,f,1990-1999,85-89,0.10564,0.41780,2.5,39889,16666,157754,268968,6.74
NV,f,1990-1999,90-94,0.17405,0.59485,2.34,23224,13815,79370,111213,4.79
NV,f,1990-1999,95-99,0.27176,0.76173,2.12,9409,7167,26373,31843,3.38
NV,f,1990-1999,100-104,0.39671,0.88085,1.84,2242,1975,4978,5471,2.44
NV,f,1990-1999,105-109,0.53693,0.94563,1.57,267,253,470,493,1.84
NV,f,1990-1999,110+,0.65175,1.00000,1.53,15,15,22,22,1.53
NV,f,2000-2009,0,0.00576,0.00573,0.07,100000,573,99466,7920714,79.21
NV,f,2000-2009,1-4,0.00027,0.00108,1.61,99427,107,397451,7821248,78.66
NV,f,2000-2009,5-9,0.00011,0.00055,2.22,99320,54,496448,7423797,74.75
NV,f,2000-2009,10-14,0.00016,0.00078,2.71,99266,77,496151,6927348,69.79
NV,f,2000-2009,15-19,0.00047,0.00234,2.8,99188,232,495433,6431197,64.84
NV,f,2000-2009,20-24,0.00055,0.00274,2.49,98957,272,494101,5935764,59.98
NV,f,2000-2009,25-29,0.00058,0.00289,2.57,98685,285,492733,5441663,55.14
NV,f,2000-2009,30-34,0.00079,0.00395,2.7,98400,388,491105,4948931,50.29
NV,f,2000-2009,35-39,0.00126,0.00631,2.79,98012,618,488692,4457825,45.48
NV,f,2000-2009,40-44,0.00200,0.00994,2.72,97394,968,484765,3969134,40.75
NV,f,2000-2009,45-49,0.00293,0.01455,2.63,96426,1403,478799,3484369,36.14
NV,f,2000-2009,50-54,0.00417,0.02066,2.61,95023,1963,470432,3005570,31.63
NV,f,2000-2009,55-59,0.00607,0.02991,2.67,93060,2784,458827,2535138,27.24
NV,f,2000-2009,60-64,0.00962,0.04705,2.67,90276,4248,441492,2076312,23.00
NV,f,2000-2009,65-69,0.01488,0.07188,2.65,86028,6184,415614,1634820,19.00
NV,f,2000-2009,70-74,0.02365,0.11206,2.66,79844,8948,378310,1219206,15.27
NV,f,2000-2009,75-79,0.03899,0.17847,2.63,70897,12653,324494,840896,11.86
NV,f,2000-2009,80-84,0.06546,0.28288,2.6,58244,16476,251715,516401,8.87
NV,f,2000-2009,85-89,0.11475,0.44539,2.49,41768,18603,162115,264687,6.34
NV,f,2000-2009,90-94,0.19222,0.63331,2.31,23165,14671,76323,102571,4.43
NV,f,2000-2009,95-99,0.30225,0.79949,2.05,8494,6791,22469,26249,3.09
NV,f,2000-2009,100-104,0.43983,0.90706,1.76,1703,1545,3513,3780,2.22
NV,f,2000-2009,105-109,0.58807,0.95952,1.49,158,152,258,267,1.69
NV,f,2000-2009,110+,0.70499,1.00000,1.42,6,6,9,9,1.42
NV,f,2010-2019,0,0.00508,0.00506,0.07,100000,506,99528,8057817,80.58
NV,f,2010-2019,1-4,0.00021,0.00082,1.56,99494,82,397778,7958289,79.99
NV,f,2010-2019,5-9,0.00010,0.00051,2.2,99413,50,496922,7560511,76.05
NV,f,2010-2019,10-14,0.00013,0.00065,2.91,99362,65,496675,7063589,71.09
NV,f,2010-2019,15-19,0.00032,0.00161,2.94,99297,160,496156,6566914,66.13
NV,f,2010-2019,20-24,0.00054,0.00272,2.56,99137,269,495031,6070758,61.24
NV,f,2010-2019,25-29,0.00063,0.00313,2.66,98868,309,493617,5575727,56.40
NV,f,2010-2019,30-34,0.00083,0.00412,2.64,98559,406,491834,5082109,51.56
NV,f,2010-2019,35-39,0.00117,0.00585,2.62,98153,575,489398,4590275,46.77
NV,f,2010-2019,40-44,0.00172,0.00855,2.67,97578,834,485947,4100877,42.03
NV,f,2010-2019,45-49,0.00270,0.01341,2.65,96744,1297,480671,3614930,37.37
NV,f,2010-2019,50-54,0.00418,0.02068,2.67,95446,1973,472626,3134259,32.84
NV,f,2010-2019,55-59,0.00604,0.02976,2.62,93473,2781,460749,2661633,28.47
NV,f,2010-2019,60-64,0.00858,0.04204,2.64,90691,3812,444455,2200884,24.27
NV,f,2010-2019,65-69,0.01262,0.06128,2.64,86879,5324,421844,1756429,20.22
NV,f,2010-2019,70-74,0.01955,0.09350,2.67,81555,7625,389975,1334584,16.36
NV,f,2010-2019,75-79,0.03260,0.15137,2.64,73929,11191,343253,944610,12.78
NV,f,2010-2019,80-84,0.05499,0.24337,2.64,62739,15269,277661,601356,9.59
NV,f,2010-2019,85-89,0.10054,0.40284,2.53,47470,19123,190201,323696,6.82
NV,f,2010-2019,90-94,0.17544,0.59939,2.36,28347,16991,96846,133495,4.71
NV,f,2010-2019,95-99,0.28617,0.78184,2.1,11356,8879,31027,36649,3.23
NV,f,2010-2019,100-104,0.42885,0.90198,1.79,2477,2235,5211,5623,2.27
NV,f,2010-2019,105-109,0.58518,0.95929,1.5,243,233,398,412,1.70
NV,f,2010-2019,110+,0.70873,1.00000,1.41,10,10,14,14,1.41
