PopName,Sex,Year,Age,mx,qx,ax,lx,dx,Lx,Tx,ex
WA,f,1960-1969,0,0.01834,0.01804,0.1,100000,1804,98384,7527587,75.28
WA,f,1960-1969,1-4,0.00077,0.00306,1.67,98196,300,392085,7429203,75.66
WA,f,1960-1969,5-9,0.00034,0.00168,2.22,97896,165,489021,7037118,71.88
WA,f,1960-1969,10-14,0.00030,0.00149,2.65,97731,146,488313,6548097,67.00
WA,f,1960-1969,15-19,0.00050,0.00250,2.81,97585,244,487393,6059784,62.10
WA,f,1960-1969,20-24,0.00065,0.00323,2.55,97341,315,485936,5572391,57.25
WA,f,1960-1969,25-29,0.00077,0.00382,2.56,97027,371,484230,5086455,52.42
WA,f,1960-1969,30-34,0.00106,0.00527,2.72,96656,509,482117,4602225,47.61
WA,f,1960-1969,35-39,0.00158,0.00786,2.7,96147,756,478991,4120108,42.85
WA,f,1960-1969,40-44,0.00234,0.01162,2.63,95391,1108,474322,3641117,38.17
WA,f,1960-1969,45-49,0.00363,0.01801,2.67,94283,1698,467450,3166796,33.59
WA,f,1960-1969,50-54,0.00559,0.02759,2.63,92585,2555,456867,2699346,29.16
WA,f,1960-1969,55-59,0.00801,0.03931,2.64,90030,3539,441793,2242479,24.91
WA,f,1960-1969,60-64,0.01216,0.05909,2.65,86491,5111,420467,1800686,20.82
WA,f,1960-1969,65-69,0.01897,0.09082,2.65,81380,7391,389556,1380219,16.96
WA,f,1960-1969,70-74,0.03081,0.14361,2.64,73989,10626,344876,990663,13.39
WA,f,1960-1969,75-79,0.05339,0.23664,2.6,63363,14994,280843,645787,10.19
WA,f,1960-1969,80-84,0.08865,0.36418,2.55,48369,17615,198700,364944,7.54
WA,f,1960-1969,85-89,0.14796,0.53383,2.39,30754,16418,110963,166243,5.41
WA,f,1960-1969,90-94,0.23134,0.70306,2.21,14337,10079,43569,55280,3.86
WA,f,1960-1969,95-99,0.34683,0.84242,1.95,4257,3586,10340,11711,2.75
WA,f,1960-1969,100-104,0.48114,0.92552,1.68,671,621,1290,1371,2.04
WA,f,1960-1969,105-109,0.61918,0.96557,1.44,50,48,78,80,1.61
WA,f,1960-1969,110+,0.72554,1.00000,1.38,2,2,2,2,1.38
WA,f,1970-1979,0,0.01321,0.01306,0.09,100000,1306,98812,7724135,77.24
WA,f,1970-1979,1-4,0.00062,0.00248,1.69,98694,245,394212,7625323,77.26
WA,f,1970-1979,5-9,0.00029,0.00145,2.37,98449,143,491871,7231111,73.45
WA,f,1970-1979,10-14,0.00027,0.00135,2.65,98306,132,491220,6739241,68.55
WA,f,1970-1979,15-19,0.00056,0.00277,2.73,98174,272,490253,6248021,63.64
WA,f,1970-1979,20-24,0.00067,0.00332,2.49,97902,325,488694,5757768,58.81
WA,f,1970-1979,25-29,0.00068,0.00339,2.56,97577,330,487078,5269075,54.00
WA,f,1970-1979,30-34,0.00086,0.00430,2.58,97246,418,485221,4781996,49.17
WA,f,1970-1979,35-39,0.00127,0.00634,2.62,96828,613,482685,4296776,44.38
WA,f,1970-1979,40-44,0.00204,0.01016,2.7,96215,978,478823,3814091,39.64
WA,f,1970-1979,45-49,0.00342,0.01696,2.67,95237,1616,472424,3335268,35.02
WA,f,1970-1979,50-54,0.00525,0.02593,2.64,93621,2428,462376,2862844,30.58
WA,f,1970-1979,55-59,0.00766,0.03763,2.66,91194,3431,447939,2400468,26.32
WA,f,1970-1979,60-64,0.01142,0.05561,2.65,87762,4880,427364,1952530,22.25
WA,f,1970-1979,65-69,0.01671,0.08040,2.67,82882,6664,398878,1525166,18.40
WA,f,1970-1979,70-74,0.02662,0.12522,2.63,76219,9544,358518,1126287,14.78
WA,f,1970-1979,75-79,0.04339,0.19664,2.62,66675,13111,302136,767769,11.52
WA,f,1970-1979,80-84,0.06975,0.29841,2.58,53564,15984,229173,465633,8.69
WA,f,1970-1979,85-89,0.11729,0.45221,2.47,37580,16994,144888,236461,6.29
WA,f,1970-1979,90-94,0.19314,0.63225,2.27,20586,13015,67386,91573,4.45
WA,f,1970-1979,95-99,0.29148,0.78594,2.07,7570,5950,20413,24187,3.19
WA,f,1970-1979,100-104,0.41780,0.89384,1.8,1621,1449,3467,3774,2.33
WA,f,1970-1979,105-109,0.55628,0.95106,1.54,172,164,294,307,1.78
WA,f,1970-1979,110+,0.66812,1.00000,1.5,8,8,13,13,1.50
WA,f,1980-1989,0,0.00862,0.00855,0.08,100000,855,99211,7917355,79.17
WA,f,1980-1989,1-4,0.00042,0.00168,1.49,99145,166,396162,7818144,78.86
WA,f,1980-1989,5-9,0.00020,0.00101,2.32,98978,100,494624,7421982,74.99
WA,f,1980-1989,10-14,0.00019,0.00095,2.81,98879,94,494187,6927358,70.06
WA,f,1980-1989,15-19,0.00053,0.00267,2.73,98784,263,493325,6433171,65.12
WA,f,1980-1989,20-24,0.00051,0.00257,2.51,98521,253,491976,5939845,60.29
WA,f,1980-1989,25-29,0.00059,0.00295,2.5,98268,290,490615,5447869,55.44
WA,f,1980-1989,30-34,0.00066,0.00331,2.6,97978,324,489112,4957254,50.60
WA,f,1980-1989,35-39,0.00096,0.00480,2.62,97654,468,487155,4468141,45.75
WA,f,1980-1989,40-44,0.00147,0.00733,2.69,97186,713,484285,3980986,40.96
WA,f,1980-1989,45-49,0.00243,0.01209,2.72,96473,1166,479703,3496702,36.25
WA,f,1980-1989,50-54,0.00412,0.02043,2.69,95306,1947,472043,3016998,31.66
WA,f,1980-1989,55-59,0.00653,0.03216,2.67,93359,3002,459797,2544955,27.26
WA,f,1980-1989,60-64,0.01064,0.05188,2.64,90357,4688,440720,2085159,23.08
WA,f,1980-1989,65-69,0.01568,0.07563,2.65,85669,6480,413145,1644439,19.20
WA,f,1980-1989,70-74,0.02460,0.11621,2.63,79189,9203,374124,1231293,15.55
WA,f,1980-1989,75-79,0.03810,0.17465,2.62,69987,12223,320849,857169,12.25
WA,f,1980-1989,80-84,0.06195,0.26956,2.59,57764,15571,251365,536321,9.28
WA,f,1980-1989,85-89,0.10555,0.41815,2.52,42193,17643,167158,284956,6.75
WA,f,1980-1989,90-94,0.17366,0.59395,2.34,24550,14581,83967,117798,4.80
WA,f,1980-1989,95-99,0.27090,0.76055,2.12,9969,7582,27987,33831,3.39
WA,f,1980-1989,100-104,0.39528,0.87985,1.85,2387,2100,5313,5844,2.45
WA,f,1980-1989,105-109,0.53503,0.94502,1.58,287,271,507,531,1.85
WA,f,1980-1989,110+,0.64960,1.00000,1.54,16,16,24,24,1.54
WA,f,1990-1999,0,0.00587,0.00584,0.07,100000,584,99456,8017583,80.18
WA,f,1990-1999,1-4,0.00032,0.00127,1.58,99416,126,397358,7918127,79.65
WA,f,1990-1999,5-9,0.00015,0.00077,2.32,99290,77,496242,7520769,75.75
WA,f,1990-1999,10-14,0.00016,0.00080,2.84,99213,79,495893,7024527,70.80
WA,f,1990-1999,15-19,0.00039,0.00194,2.67,99134,193,495221,6528633,65.86
WA,f,1990-1999,20-24,0.00044,0.00219,2.54,98941,217,494173,6033412,60.98
WA,f,1990-1999,25-29,0.00048,0.00241,2.58,98724,238,493043,5539240,56.11
WA,f,1990-1999,30-34,0.00065,0.00322,2.67,98486,317,491689,5046196,51.24
WA,f,1990-1999,35-39,0.00088,0.00437,2.7,98168,429,489858,4554507,46.39
WA,f,1990-1999,40-44,0.00135,0.00672,2.64,97740,657,487144,4064649,41.59
WA,f,1990-1999,45-49,0.00210,0.01044,2.67,97082,1013,483055,3577505,36.85
WA,f,1990-1999,50-54,0.00349,0.01729,2.74,96069,1661,476587,3094450,32.21
WA,f,1990-1999,55-59,0.00582,0.02871,2.71,94408,2710,465832,2617863,27.73
WA,f,1990-1999,60-64,0.00948,0.04635,2.66,91698,4250,448527,2152031,23.47
WA,f,1990-1999,65-69,0.01465,0.07081,2.64,87447,6192,422634,1703504,19.48
WA,f,1990-1999,70-74,0.02327,0.11021,2.62,81255,8955,384917,1280870,15.76
WA,f,1990-1999,75-79,0.03622,0.16663,2.6,72300,12047,332613,895953,12.39
WA,f,1990-1999,80-84,0.05940,0.25993,2.6,60252,15661,263670,563340,9.35
WA,f,1990-1999,85-89,0.10427,0.41369,2.5,44591,18447,176909,299670,6.72
WA,f,1990-1999,90-94,0.17722,0.60299,2.35,26144,15765,88957,122760,4.70
WA,f,1990-1999,95-99,0.28376,0.77799,2.1,10380,8075,28457,33803,3.26
WA,f,1990-1999,100-104,0.41898,0.89564,1.8,2304,2064,4926,5346,2.32
WA,f,1990-1999,105-109,0.56809,0.95479,1.52,240,230,404,420,1.75
WA,f,1990-1999,110+,0.68761,1.00000,1.45,11,11,16,16,1.45
WA,f,2000-2009,0,0.00473,0.00471,0.07,100000,471,99560,8107485,81.07
WA,f,2000-2009,1-4,0.00021,0.00085,1.6,99529,85,397913,8007925,80.46
WA,f,2000-2009,5-9,0.00010,0.00051,2.44,99444,50,497093,7610011,76.53
WA,f,2000-2009,10-14,0.00012,0.00059,2.63,99394,59,496831,7112918,71.56
WA,f,2000-2009,15-19,0.00032,0.00161,2.75,99335,160,496318,6616087,66.60
WA,f,2000-2009,20-24,0.00039,0.00192,2.44,99176,191,495390,6119769,61.71
WA,f,2000-2009,25-29,0.00043,0.00215,2.57,98985,213,494406,5624379,56.82
WA,f,2000-2009,30-34,0.00060,0.00300,2.68,98772,296,493169,5129972,51.94
WA,f,2000-2009,35-39,0.00088,0.00437,2.7,98475,430,491387,4636803,47.09
WA,f,2000-2009,40-44,0.00141,0.00703,2.66,98045,690,488609,4145416,42.28
WA,f,2000-2009,45-49,0.00220,0.01096,2.64,97355,1067,484262,3656808,37.56
WA,f,2000-2009,50-54,0.00328,0.01627,2.66,96288,1567,477768,3172545,32.95
WA,f,2000-2009,55-59,0.00492,0.02433,2.68,94721,2304,468251,2694778,28.45
WA,f,2000-2009,60-64,0.00817,0.04010,2.67,92417,3706,453441,2226526,24.09
WA,f,2000-2009,65-69,0.01293,0.06276,2.65,88710,5567,430487,1773085,19.99
WA,f,2000-2009,70-74,0.02127,0.10130,2.67,83143,8423,396054,1342598,16.15
WA,f,2000-2009,75-79,0.03422,0.15831,2.64,74721,11829,345668,946545,12.67
WA,f,2000-2009,80-84,0.05604,0.24724,2.62,62891,15549,277468,600877,9.55
WA,f,2000-2009,85-89,0.09963,0.39970,2.53,47342,18923,189925,323409,6.83
WA,f,2000-2009,90-94,0.17599,0.60098,2.36,28420,17080,97049,133484,4.70
WA,f,2000-2009,95-99,0.28772,0.78370,2.1,11340,8887,30889,36435,3.21
WA,f,2000-2009,100-104,0.43060,0.90293,1.78,2453,2215,5143,5546,2.26
WA,f,2000-2009,105-109,0.58682,0.95966,1.49,238,229,389,403,1.69
WA,f,2000-2009,110+,0.71011,1.00000,1.41,10,10,14,14,1.41
WA,f,2010-2019,0,0.00415,0.00414,0.06,100000,414,99613,8237936,82.38
WA,f,2010-2019,1-4,0.00016,0.00064,1.48,99586,64,398183,8138323,81.72
WA,f,2010-2019,5-9,0.00009,0.00047,2.29,99522,46,497484,7740140,77.77
WA,f,2010-2019,10-14,0.00009,0.00047,2.85,99476,47,497276,7242656,72.81
WA,f,2010-2019,15-19,0.00024,0.00121,2.75,99428,120,496871,6745379,67.84
WA,f,2010-2019,20-24,0.00040,0.00198,2.55,99308,197,496058,6248508,62.92
WA,f,2010-2019,25-29,0.00048,0.00237,2.65,99111,235,495003,5752450,58.04
WA,f,2010-2019,30-34,0.00064,0.00320,2.66,98876,316,493640,5257447,53.17
WA,f,2010-2019,35-39,0.00086,0.00427,2.66,98560,421,491817,4763807,48.33
WA,f,2010-2019,40-44,0.00128,0.00640,2.68,98139,628,489240,4271990,43.53
WA,f,2010-2019,45-49,0.00208,0.01034,2.72,97512,1008,485256,3782751,38.79
WA,f,2010-2019,50-54,0.00324,0.01606,2.62,96504,1550,478827,3297495,34.17
WA,f,2010-2019,55-59,0.00481,0.02377,2.66,94954,2257,469478,2818668,29.68
WA,f,2010-2019,60-64,0.00685,0.03369,2.64,92697,3123,456115,2349190,25.34
WA,f,2010-2019,65-69,0.01041,0.05079,2.66,89574,4550,437237,1893076,21.13
WA,f,2010-2019,70-74,0.01736,0.08343,2.66,85024,7093,408507,1455838,17.12
WA,f,2010-2019,75-79,0.02889,0.13530,2.66,77931,10544,364967,1047331,13.44
WA,f,2010-2019,80-84,0.04983,0.22275,2.62,67387,15010,301226,682364,10.13
WA,f,2010-2019,85-89,0.08869,0.36476,2.57,52377,19105,215425,381138,7.28
WA,f,2010-2019,90-94,0.16145,0.56868,2.4,33272,18921,117195,165714,4.98
WA,f,2010-2019,95-99,0.27004,0.76183,2.14,14351,10933,40486,48519,3.38
WA,f,2010-2019,100-104,0.41253,0.89289,1.82,3418,3052,7398,8033,2.35
WA,f,2010-2019,105-109,0.57191,0.95633,1.52,366,350,612,635,1.73
WA,f,2010-2019,110+,0.69937,1.00000,1.43,16,16,23,23,1.43
