PopName,Sex,Year,Age,mx,qx,ax,lx,dx,Lx,Tx,ex
UT,b,1960-1969,0,0.01884,0.01853,0.1,100000,1853,98334,7216763,72.17
UT,b,1960-1969,1-4,0.00098,0.00392,1.67,98147,385,391694,7118429,72.53
UT,b,1960-1969,5-9,0.00049,0.00243,2.17,97763,238,488142,6726734,68.81
UT,b,1960-1969,10-14,0.00044,0.00218,2.63,97525,212,487122,6238593,63.97
UT,b,1960-1969,15-19,0.00095,0.00476,2.71,97313,463,485503,5751470,59.10
UT,b,1960-1969,20-24,0.00122,0.00609,2.55,96850,590,482807,5265968,54.37
UT,b,1960-1969,25-29,0.00123,0.00615,2.43,96260,592,479780,4783161,49.69
UT,b,1960-1969,30-34,0.00141,0.00703,2.54,95668,672,476685,4303381,44.98
UT,b,1960-1969,35-39,0.00201,0.01000,2.61,94995,950,472707,3826696,40.28
UT,b,1960-1969,40-44,0.00289,0.01436,2.68,94046,1350,467097,3353989,35.66
UT,b,1960-1969,45-49,0.00464,0.02298,2.72,92695,2130,458612,2886892,31.14
UT,b,1960-1969,50-54,0.00744,0.03657,2.64,90565,3312,445005,2428280,26.81
UT,b,1960-1969,55-59,0.01114,0.05426,2.62,87254,4734,425000,1983275,22.73
UT,b,1960-1969,60-64,0.01695,0.08150,2.63,82519,6725,396652,1558275,18.88
UT,b,1960-1969,65-69,0.02578,0.12134,2.58,75794,9197,356739,1161622,15.33
UT,b,1960-1969,70-74,0.04069,0.18543,2.61,66597,12349,303532,804884,12.09
UT,b,1960-1969,75-79,0.06407,0.27708,2.56,54248,15031,234620,501352,9.24
UT,b,1960-1969,80-84,0.10561,0.41732,2.49,39217,16366,154970,266732,6.80
UT,b,1960-1969,85-89,0.17014,0.58568,2.34,22851,13383,78661,111762,4.89
UT,b,1960-1969,90-94,0.26182,0.74769,2.13,9468,7079,27037,33101,3.50
UT,b,1960-1969,95-99,0.37984,0.86857,1.88,2389,2075,5462,6064,2.54
UT,b,1960-1969,100-104,0.51475,0.93816,1.61,314,295,572,602,1.92
UT,b,1960-1969,105-109,0.64932,0.97086,1.39,19,19,29,30,1.53
UT,b,1960-1969,110+,0.75097,1.00000,1.33,1,1,1,1,1.33
UT,b,1970-1979,0,0.01270,0.01255,0.08,100000,1255,98850,7422435,74.22
UT,b,1970-1979,1-4,0.00075,0.00300,1.56,98745,296,394257,7323585,74.17
UT,b,1970-1979,5-9,0.00036,0.00179,2.34,98449,176,491774,6929328,70.39
UT,b,1970-1979,10-14,0.00037,0.00185,2.73,98272,182,490949,6437554,65.51
UT,b,1970-1979,15-19,0.00099,0.00496,2.8,98090,487,489383,5946605,60.62
UT,b,1970-1979,20-24,0.00111,0.00555,2.5,97604,542,486662,5457222,55.91
UT,b,1970-1979,25-29,0.00114,0.00567,2.54,97062,550,483955,4970560,51.21
UT,b,1970-1979,30-34,0.00126,0.00627,2.57,96512,605,481087,4486605,46.49
UT,b,1970-1979,35-39,0.00172,0.00856,2.59,95907,821,477558,4005519,41.76
UT,b,1970-1979,40-44,0.00254,0.01260,2.64,95086,1198,472600,3527961,37.10
UT,b,1970-1979,45-49,0.00405,0.02004,2.69,93887,1882,465095,3055361,32.54
UT,b,1970-1979,50-54,0.00617,0.03043,2.68,92006,2800,453524,2590266,28.15
UT,b,1970-1979,55-59,0.00998,0.04874,2.64,89205,4348,435745,2136742,23.95
UT,b,1970-1979,60-64,0.01538,0.07418,2.63,84858,6295,409377,1700996,20.05
UT,b,1970-1979,65-69,0.02320,0.10992,2.61,78563,8636,372157,1291620,16.44
UT,b,1970-1979,70-74,0.03487,0.16101,2.62,69927,11259,322859,919463,13.15
UT,b,1970-1979,75-79,0.05543,0.24441,2.58,58668,14339,258672,596604,10.17
UT,b,1970-1979,80-84,0.08819,0.36198,2.53,44329,16046,181950,337932,7.62
UT,b,1970-1979,85-89,0.14383,0.52347,2.4,28283,14805,102935,155983,5.52
UT,b,1970-1979,90-94,0.22588,0.69324,2.21,13478,9343,41364,53047,3.94
UT,b,1970-1979,95-99,0.33636,0.83287,1.97,4134,3443,10237,11684,2.83
UT,b,1970-1979,100-104,0.46889,0.92023,1.7,691,636,1356,1446,2.09
UT,b,1970-1979,105-109,0.60759,0.96330,1.46,55,53,87,90,1.64
UT,b,1970-1979,110+,0.71575,1.00000,1.4,2,2,3,3,1.40
UT,b,1980-1989,0,0.00920,0.00912,0.07,100000,912,99155,7662979,76.63
UT,b,1980-1989,1-4,0.00052,0.00208,1.6,99088,206,395856,7563824,76.33
UT,b,1980-1989,5-9,0.00025,0.00122,2.29,98881,121,494079,7167968,72.49
UT,b,1980-1989,10-14,0.00029,0.00143,2.86,98760,141,493501,6673889,67.58
UT,b,1980-1989,15-19,0.00085,0.00424,2.75,98620,418,492158,6180389,62.67
UT,b,1980-1989,20-24,0.00094,0.00470,2.49,98201,462,489847,5688231,57.92
UT,b,1980-1989,25-29,0.00092,0.00459,2.6,97739,449,487618,5198384,53.19
UT,b,1980-1989,30-34,0.00115,0.00572,2.67,97290,557,485153,4710766,48.42
UT,b,1980-1989,35-39,0.00140,0.00699,2.55,96733,676,482008,4225613,43.68
UT,b,1980-1989,40-44,0.00200,0.00994,2.68,96057,955,478069,3743606,38.97
UT,b,1980-1989,45-49,0.00302,0.01500,2.69,95102,1427,472214,3265537,34.34
UT,b,1980-1989,50-54,0.00482,0.02383,2.66,93675,2232,463159,2793323,29.82
UT,b,1980-1989,55-59,0.00760,0.03733,2.68,91443,3414,449293,2330164,25.48
UT,b,1980-1989,60-64,0.01211,0.05884,2.62,88030,5179,427842,1880871,21.37
UT,b,1980-1989,65-69,0.01920,0.09186,2.66,82850,7610,396471,1453028,17.54
UT,b,1980-1989,70-74,0.03019,0.14084,2.63,75240,10597,351033,1056557,14.04
UT,b,1980-1989,75-79,0.04835,0.21667,2.6,64643,14006,289657,705524,10.91
UT,b,1980-1989,80-84,0.07631,0.32175,2.57,50637,16293,213520,415867,8.21
UT,b,1980-1989,85-89,0.12919,0.48570,2.45,34344,16681,129116,202348,5.89
UT,b,1980-1989,90-94,0.21020,0.66691,2.26,17663,11780,56041,73232,4.15
UT,b,1980-1989,95-99,0.32296,0.82096,2.01,5883,4830,14956,17191,2.92
UT,b,1980-1989,100-104,0.46167,0.91769,1.72,1053,967,2094,2235,2.12
UT,b,1980-1989,105-109,0.60883,0.96396,1.46,87,84,137,142,1.63
UT,b,1980-1989,110+,0.72365,1.00000,1.38,3,3,4,4,1.38
UT,b,1990-1999,0,0.00605,0.00602,0.07,100000,602,99438,7825256,78.25
UT,b,1990-1999,1-4,0.00039,0.00157,1.71,99398,156,397234,7725818,77.73
UT,b,1990-1999,5-9,0.00019,0.00095,2.32,99242,94,495957,7328584,73.85
UT,b,1990-1999,10-14,0.00025,0.00125,2.93,99148,124,495482,6832627,68.91
UT,b,1990-1999,15-19,0.00073,0.00367,2.74,99024,363,494297,6337145,64.00
UT,b,1990-1999,20-24,0.00079,0.00396,2.48,98661,391,492318,5842848,59.22
UT,b,1990-1999,25-29,0.00086,0.00429,2.64,98270,421,490354,5350531,54.45
UT,b,1990-1999,30-34,0.00117,0.00584,2.66,97849,571,487907,4860176,49.67
UT,b,1990-1999,35-39,0.00154,0.00768,2.58,97277,747,484581,4372269,44.95
UT,b,1990-1999,40-44,0.00202,0.01005,2.61,96530,970,480334,3887688,40.27
UT,b,1990-1999,45-49,0.00275,0.01365,2.61,95560,1304,474677,3407354,35.66
UT,b,1990-1999,50-54,0.00389,0.01926,2.68,94256,1815,467066,2932678,31.11
UT,b,1990-1999,55-59,0.00623,0.03074,2.73,92441,2842,455766,2465612,26.67
UT,b,1990-1999,60-64,0.01008,0.04926,2.66,89599,4414,437683,2009846,22.43
UT,b,1990-1999,65-69,0.01612,0.07768,2.67,85185,6617,410516,1572163,18.46
UT,b,1990-1999,70-74,0.02613,0.12310,2.66,78568,9671,370174,1161647,14.79
UT,b,1990-1999,75-79,0.04190,0.19038,2.61,68896,13117,313078,791473,11.49
UT,b,1990-1999,80-84,0.06911,0.29631,2.59,55780,16528,239136,478394,8.58
UT,b,1990-1999,85-89,0.12118,0.46399,2.48,39252,18212,150295,239258,6.10
UT,b,1990-1999,90-94,0.20364,0.65574,2.29,21039,13796,67748,88963,4.23
UT,b,1990-1999,95-99,0.32136,0.82038,2.02,7243,5942,18491,21215,2.93
UT,b,1990-1999,100-104,0.46800,0.92129,1.71,1301,1199,2561,2725,2.09
UT,b,1990-1999,105-109,0.62298,0.96705,1.43,102,99,159,164,1.60
UT,b,1990-1999,110+,0.74211,1.00000,1.35,3,3,5,5,1.35
UT,b,2000-2009,0,0.00532,0.00529,0.06,100000,529,99505,7909707,79.10
UT,b,2000-2009,1-4,0.00029,0.00117,1.54,99471,117,397597,7810203,78.52
UT,b,2000-2009,5-9,0.00014,0.00072,2.42,99354,72,496586,7412605,74.61
UT,b,2000-2009,10-14,0.00017,0.00085,2.85,99283,85,496231,6916019,69.66
UT,b,2000-2009,15-19,0.00054,0.00271,2.82,99198,269,495405,6419788,64.72
UT,b,2000-2009,20-24,0.00076,0.00378,2.5,98929,374,493713,5924383,59.89
UT,b,2000-2009,25-29,0.00092,0.00457,2.55,98555,451,491672,5430670,55.10
UT,b,2000-2009,30-34,0.00111,0.00552,2.53,98105,541,489185,4938998,50.34
UT,b,2000-2009,35-39,0.00145,0.00722,2.64,97563,704,486158,4449813,45.61
UT,b,2000-2009,40-44,0.00203,0.01009,2.62,96859,977,481966,3963655,40.92
UT,b,2000-2009,45-49,0.00296,0.01470,2.64,95882,1410,476078,3481689,36.31
UT,b,2000-2009,50-54,0.00406,0.02011,2.63,94472,1900,467864,3005611,31.81
UT,b,2000-2009,55-59,0.00588,0.02900,2.65,92572,2685,456554,2537747,27.41
UT,b,2000-2009,60-64,0.00916,0.04482,2.64,89887,4029,439945,2081193,23.15
UT,b,2000-2009,65-69,0.01369,0.06633,2.66,85858,5695,415971,1641248,19.12
UT,b,2000-2009,70-74,0.02218,0.10541,2.66,80163,8450,381035,1225278,15.28
UT,b,2000-2009,75-79,0.03770,0.17310,2.64,71713,12413,329241,844243,11.77
UT,b,2000-2009,80-84,0.06456,0.27999,2.63,59300,16603,257164,515001,8.68
UT,b,2000-2009,85-89,0.12033,0.46252,2.5,42696,19748,164116,257838,6.04
UT,b,2000-2009,90-94,0.21152,0.67166,2.28,22949,15414,72871,93721,4.08
UT,b,2000-2009,95-99,0.34255,0.84183,1.98,7535,6343,18517,20850,2.77
UT,b,2000-2009,100-104,0.50273,0.93603,1.65,1192,1116,2219,2333,1.96
UT,b,2000-2009,105-109,0.66467,0.97419,1.37,76,74,112,114,1.50
UT,b,2000-2009,110+,0.78290,1.00000,1.28,2,2,3,3,1.28
UT,b,2010-2019,0,0.00522,0.00520,0.06,100000,520,99513,7980842,79.81
UT,b,2010-2019,1-4,0.00022,0.00089,1.56,99480,89,397705,7881329,79.22
UT,b,2010-2019,5-9,0.00010,0.00052,2.31,99392,52,496820,7483623,75.29
UT,b,2010-2019,10-14,0.00016,0.00078,2.91,99340,78,496538,6986804,70.33
UT,b,2010-2019,15-19,0.00052,0.00262,2.8,99262,260,495740,6490266,65.38
UT,b,2010-2019,20-24,0.00076,0.00377,2.53,99003,373,494092,5994525,60.55
UT,b,2010-2019,25-29,0.00101,0.00504,2.63,98630,497,491968,5500434,55.77
UT,b,2010-2019,30-34,0.00122,0.00610,2.53,98132,598,489187,5008465,51.04
UT,b,2010-2019,35-39,0.00147,0.00730,2.59,97534,712,485956,4519278,46.34
UT,b,2010-2019,40-44,0.00192,0.00958,2.59,96822,928,481869,4033322,41.66
UT,b,2010-2019,45-49,0.00274,0.01361,2.64,95894,1305,476386,3551453,37.04
UT,b,2010-2019,50-54,0.00410,0.02030,2.65,94589,1920,468431,3075067,32.51
UT,b,2010-2019,55-59,0.00593,0.02925,2.63,92669,2711,456910,2606636,28.13
UT,b,2010-2019,60-64,0.00844,0.04136,2.62,89958,3721,440949,2149727,23.90
UT,b,2010-2019,65-69,0.01222,0.05938,2.65,86238,5121,419154,1708778,19.81
UT,b,2010-2019,70-74,0.01994,0.09526,2.65,81117,7727,387458,1289624,15.90
UT,b,2010-2019,75-79,0.03395,0.15732,2.67,73389,11546,340035,902166,12.29
UT,b,2010-2019,80-84,0.05825,0.25622,2.65,61844,15846,272031,562131,9.09
UT,b,2010-2019,85-89,0.11132,0.43653,2.53,45998,20080,180377,290101,6.31
UT,b,2010-2019,90-94,0.20081,0.65241,2.32,25918,16909,84206,109724,4.23
UT,b,2010-2019,95-99,0.33296,0.83376,2.01,9009,7511,22559,25518,2.83
UT,b,2010-2019,100-104,0.49769,0.93465,1.66,1498,1400,2813,2959,1.98
UT,b,2010-2019,105-109,0.66559,0.97451,1.37,98,95,143,146,1.50
UT,b,2010-2019,110+,0.78762,1.00000,1.27,2,2,3,3,1.27
