PopName,Sex,Year,Age,mx,qx,ax,lx,dx,Lx,Tx,ex
UT,f,1960-1969,0,0.01577,0.01555,0.1,100000,1555,98596,7572209,75.72
UT,f,1960-1969,1-4,0.00089,0.00354,1.68,98445,349,392971,7473613,75.92
UT,f,1960-1969,5-9,0.00039,0.00196,2.05,98096,193,489914,7080642,72.18
UT,f,1960-1969,10-14,0.00038,0.00191,2.53,97904,187,489058,6590728,67.32
UT,f,1960-1969,15-19,0.00054,0.00271,2.71,97717,265,487978,6101671,62.44
UT,f,1960-1969,20-24,0.00070,0.00350,2.53,97452,341,486419,5613692,57.60
UT,f,1960-1969,25-29,0.00078,0.00390,2.64,97111,379,484662,5127273,52.80
UT,f,1960-1969,30-34,0.00098,0.00489,2.52,96733,473,482488,4642612,47.99
UT,f,1960-1969,35-39,0.00142,0.00708,2.66,96260,681,479702,4160123,43.22
UT,f,1960-1969,40-44,0.00208,0.01033,2.72,95578,987,475644,3680421,38.51
UT,f,1960-1969,45-49,0.00315,0.01562,2.7,94591,1478,469550,3204777,33.88
UT,f,1960-1969,50-54,0.00495,0.02449,2.62,93113,2280,460148,2735227,29.38
UT,f,1960-1969,55-59,0.00712,0.03498,2.58,90833,3178,446469,2275079,25.05
UT,f,1960-1969,60-64,0.01123,0.05474,2.68,87656,4799,427140,1828610,20.86
UT,f,1960-1969,65-69,0.01765,0.08470,2.63,82857,7018,397640,1401469,16.91
UT,f,1960-1969,70-74,0.03057,0.14275,2.69,75839,10826,354159,1003830,13.24
UT,f,1960-1969,75-79,0.05307,0.23615,2.67,65013,15353,289290,649671,9.99
UT,f,1960-1969,80-84,0.09394,0.38112,2.53,49661,18927,201474,360381,7.26
UT,f,1960-1969,85-89,0.15648,0.55496,2.38,30734,17056,109002,158908,5.17
UT,f,1960-1969,90-94,0.24779,0.72831,2.17,13678,9962,40202,49906,3.65
UT,f,1960-1969,95-99,0.36772,0.85998,1.91,3716,3196,8691,9704,2.61
UT,f,1960-1969,100-104,0.50642,0.93553,1.63,520,487,961,1013,1.95
UT,f,1960-1969,105-109,0.64531,0.97034,1.4,34,33,50,52,1.54
UT,f,1960-1969,110+,0.74993,1.00000,1.33,1,1,1,1,1.33
UT,f,1970-1979,0,0.01092,0.01081,0.08,100000,1081,99010,7785212,77.85
UT,f,1970-1979,1-4,0.00064,0.00254,1.54,98919,251,395059,7686202,77.70
UT,f,1970-1979,5-9,0.00029,0.00145,2.21,98668,143,492944,7291143,73.90
UT,f,1970-1979,10-14,0.00026,0.00130,2.72,98526,128,492337,6798199,69.00
UT,f,1970-1979,15-19,0.00056,0.00277,2.75,98398,273,491373,6305863,64.09
UT,f,1970-1979,20-24,0.00052,0.00260,2.36,98125,255,489950,5814490,59.26
UT,f,1970-1979,25-29,0.00069,0.00345,2.61,97870,337,488544,5324540,54.40
UT,f,1970-1979,30-34,0.00085,0.00424,2.6,97532,414,486668,4835996,49.58
UT,f,1970-1979,35-39,0.00123,0.00614,2.58,97119,597,484149,4349329,44.78
UT,f,1970-1979,40-44,0.00180,0.00897,2.58,96522,865,480519,3865179,40.04
UT,f,1970-1979,45-49,0.00290,0.01438,2.65,95657,1376,475054,3384660,35.38
UT,f,1970-1979,50-54,0.00427,0.02112,2.68,94281,1991,466792,2909606,30.86
UT,f,1970-1979,55-59,0.00651,0.03206,2.63,92290,2959,454428,2442814,26.47
UT,f,1970-1979,60-64,0.00996,0.04867,2.65,89331,4348,436428,1988387,22.26
UT,f,1970-1979,65-69,0.01535,0.07406,2.63,84983,6294,410006,1551958,18.26
UT,f,1970-1979,70-74,0.02535,0.11967,2.66,78689,9417,371415,1141952,14.51
UT,f,1970-1979,75-79,0.04377,0.19828,2.63,69273,13735,313821,770537,11.12
UT,f,1970-1979,80-84,0.07505,0.31753,2.58,55537,17635,234986,456716,8.22
UT,f,1970-1979,85-89,0.12983,0.48776,2.45,37903,18487,142401,221730,5.85
UT,f,1970-1979,90-94,0.21390,0.67389,2.26,19415,13084,61169,79329,4.09
UT,f,1970-1979,95-99,0.32994,0.82796,1.99,6332,5242,15889,18160,2.87
UT,f,1970-1979,100-104,0.47052,0.92168,1.7,1089,1004,2134,2271,2.09
UT,f,1970-1979,105-109,0.61699,0.96551,1.44,85,82,134,138,1.61
UT,f,1970-1979,110+,0.72974,1.00000,1.37,3,3,4,4,1.37
UT,f,1980-1989,0,0.00789,0.00784,0.08,100000,784,99275,7959244,79.59
UT,f,1980-1989,1-4,0.00043,0.00172,1.55,99216,170,396448,7859969,79.22
UT,f,1980-1989,5-9,0.00019,0.00097,2.16,99046,96,494958,7463521,75.35
UT,f,1980-1989,10-14,0.00018,0.00089,2.68,98950,88,494545,6968563,70.43
UT,f,1980-1989,15-19,0.00052,0.00262,2.51,98862,259,493663,6474018,65.49
UT,f,1980-1989,20-24,0.00049,0.00243,2.56,98603,239,492430,5980355,60.65
UT,f,1980-1989,25-29,0.00052,0.00261,2.79,98364,257,491250,5487924,55.79
UT,f,1980-1989,30-34,0.00076,0.00378,2.67,98107,371,489669,4996674,50.93
UT,f,1980-1989,35-39,0.00096,0.00479,2.62,97736,468,487561,4507005,46.11
UT,f,1980-1989,40-44,0.00142,0.00707,2.68,97267,687,484740,4019443,41.32
UT,f,1980-1989,45-49,0.00230,0.01144,2.71,96580,1105,480370,3534703,36.60
UT,f,1980-1989,50-54,0.00369,0.01829,2.65,95475,1746,473271,3054333,31.99
UT,f,1980-1989,55-59,0.00542,0.02675,2.63,93730,2508,462693,2581063,27.54
UT,f,1980-1989,60-64,0.00885,0.04333,2.64,91222,3953,446776,2118370,23.22
UT,f,1980-1989,65-69,0.01426,0.06902,2.69,87269,6024,422418,1671594,19.15
UT,f,1980-1989,70-74,0.02242,0.10646,2.63,81246,8649,385759,1249175,15.38
UT,f,1980-1989,75-79,0.03749,0.17218,2.63,72596,12499,333378,863417,11.89
UT,f,1980-1989,80-84,0.06524,0.28220,2.61,60097,16960,259941,530039,8.82
UT,f,1980-1989,85-89,0.11610,0.44957,2.49,43137,19393,167035,270098,6.26
UT,f,1980-1989,90-94,0.19679,0.64271,2.3,23744,15261,77547,103062,4.34
UT,f,1980-1989,95-99,0.31172,0.81025,2.04,8484,6874,22052,25515,3.01
UT,f,1980-1989,100-104,0.45468,0.91485,1.73,1610,1473,3239,3464,2.15
UT,f,1980-1989,105-109,0.60651,0.96367,1.46,137,132,218,225,1.64
UT,f,1980-1989,110+,0.72433,1.00000,1.38,5,5,7,7,1.38
UT,f,1990-1999,0,0.00520,0.00518,0.07,100000,518,99517,8076472,80.76
UT,f,1990-1999,1-4,0.00037,0.00146,1.68,99482,146,397591,7976955,80.18
UT,f,1990-1999,5-9,0.00016,0.00080,2.19,99336,79,496461,7579363,76.30
UT,f,1990-1999,10-14,0.00020,0.00102,2.83,99257,101,496068,7082903,71.36
UT,f,1990-1999,15-19,0.00043,0.00215,2.51,99156,213,495252,6586835,66.43
UT,f,1990-1999,20-24,0.00036,0.00180,2.46,98944,178,494265,6091583,61.57
UT,f,1990-1999,25-29,0.00050,0.00248,2.65,98766,244,493253,5597318,56.67
UT,f,1990-1999,30-34,0.00077,0.00383,2.65,98521,378,491717,5104065,51.81
UT,f,1990-1999,35-39,0.00099,0.00494,2.65,98143,485,489579,4612348,47.00
UT,f,1990-1999,40-44,0.00139,0.00695,2.7,97658,679,486732,4122769,42.22
UT,f,1990-1999,45-49,0.00201,0.01002,2.58,96980,972,482545,3636037,37.49
UT,f,1990-1999,50-54,0.00304,0.01508,2.73,96008,1448,476757,3153492,32.85
UT,f,1990-1999,55-59,0.00500,0.02473,2.75,94560,2339,467535,2676735,28.31
UT,f,1990-1999,60-64,0.00784,0.03851,2.65,92221,3552,452771,2209199,23.96
UT,f,1990-1999,65-69,0.01273,0.06183,2.69,88669,5482,430673,1756428,19.81
UT,f,1990-1999,70-74,0.02085,0.09946,2.68,83187,8274,396751,1325755,15.94
UT,f,1990-1999,75-79,0.03386,0.15680,2.65,74913,11746,346952,929004,12.40
UT,f,1990-1999,80-84,0.05837,0.25650,2.64,63167,16202,277596,582052,9.21
UT,f,1990-1999,85-89,0.10817,0.42659,2.52,46965,20035,185210,304456,6.48
UT,f,1990-1999,90-94,0.19023,0.63070,2.33,26930,16985,89286,119246,4.43
UT,f,1990-1999,95-99,0.31036,0.80992,2.05,9945,8055,25953,29960,3.01
UT,f,1990-1999,100-104,0.46178,0.91898,1.72,1890,1737,3762,4007,2.12
UT,f,1990-1999,105-109,0.62188,0.96703,1.44,153,148,238,245,1.60
UT,f,1990-1999,110+,0.74406,1.00000,1.34,5,5,7,7,1.34
UT,f,2000-2009,0,0.00474,0.00472,0.07,100000,472,99560,8105909,81.06
UT,f,2000-2009,1-4,0.00025,0.00101,1.62,99528,101,397874,8006349,80.44
UT,f,2000-2009,5-9,0.00014,0.00068,2.48,99428,68,496968,7608476,76.52
UT,f,2000-2009,10-14,0.00013,0.00064,2.9,99360,63,496667,7111508,71.57
UT,f,2000-2009,15-19,0.00032,0.00161,2.6,99297,160,496099,6614841,66.62
UT,f,2000-2009,20-24,0.00040,0.00199,2.46,99137,198,495181,6118742,61.72
UT,f,2000-2009,25-29,0.00055,0.00274,2.6,98939,271,494042,5623561,56.84
UT,f,2000-2009,30-34,0.00075,0.00373,2.62,98668,368,492460,5129519,51.99
UT,f,2000-2009,35-39,0.00109,0.00544,2.64,98299,535,490236,4637059,47.17
UT,f,2000-2009,40-44,0.00154,0.00766,2.64,97764,749,487052,4146823,42.42
UT,f,2000-2009,45-49,0.00233,0.01158,2.63,97015,1123,482413,3659771,37.72
UT,f,2000-2009,50-54,0.00315,0.01563,2.64,95892,1499,475929,3177358,33.13
UT,f,2000-2009,55-59,0.00475,0.02347,2.68,94393,2215,466826,2701428,28.62
UT,f,2000-2009,60-64,0.00737,0.03622,2.69,92178,3339,453169,2234602,24.24
UT,f,2000-2009,65-69,0.01101,0.05366,2.65,88840,4768,432973,1781433,20.05
UT,f,2000-2009,70-74,0.01890,0.09056,2.69,84072,7614,402774,1348460,16.04
UT,f,2000-2009,75-79,0.03289,0.15265,2.65,76458,11671,354848,945686,12.37
UT,f,2000-2009,80-84,0.05800,0.25527,2.65,64787,16538,285129,590838,9.12
UT,f,2000-2009,85-89,0.11072,0.43469,2.53,48249,20973,189431,305709,6.34
UT,f,2000-2009,90-94,0.19917,0.64912,2.32,27276,17705,88893,116279,4.26
UT,f,2000-2009,95-99,0.32919,0.82991,2.01,9571,7943,24128,27386,2.86
UT,f,2000-2009,100-104,0.49095,0.93187,1.67,1628,1517,3090,3258,2.00
UT,f,2000-2009,105-109,0.65649,0.97307,1.38,111,108,164,168,1.52
UT,f,2000-2009,110+,0.77791,1.00000,1.29,3,3,4,4,1.29
UT,f,2010-2019,0,0.00435,0.00433,0.07,100000,433,99595,8163428,81.63
UT,f,2010-2019,1-4,0.00021,0.00082,1.61,99567,82,398074,8063833,80.99
UT,f,2010-2019,5-9,0.00010,0.00052,2.32,99486,52,497288,7665759,77.05
UT,f,2010-2019,10-14,0.00011,0.00056,2.85,99433,56,497046,7168471,72.09
UT,f,2010-2019,15-19,0.00032,0.00162,2.68,99378,161,496514,6671425,67.13
UT,f,2010-2019,20-24,0.00039,0.00195,2.54,99217,194,495608,6174911,62.24
UT,f,2010-2019,25-29,0.00066,0.00328,2.65,99023,324,494351,5679303,57.35
UT,f,2010-2019,30-34,0.00084,0.00421,2.64,98698,415,492511,5184952,52.53
UT,f,2010-2019,35-39,0.00110,0.00550,2.62,98283,541,490125,4692441,47.74
UT,f,2010-2019,40-44,0.00155,0.00771,2.59,97742,753,486896,4202316,42.99
UT,f,2010-2019,45-49,0.00224,0.01116,2.62,96989,1082,482368,3715420,38.31
UT,f,2010-2019,50-54,0.00330,0.01639,2.66,95906,1572,475853,3233052,33.71
UT,f,2010-2019,55-59,0.00468,0.02314,2.59,94335,2183,466424,2757199,29.23
UT,f,2010-2019,60-64,0.00667,0.03283,2.63,92152,3025,453601,2290776,24.86
UT,f,2010-2019,65-69,0.00991,0.04844,2.68,89127,4317,435618,1837175,20.61
UT,f,2010-2019,70-74,0.01693,0.08144,2.68,84809,6907,408015,1401556,16.53
UT,f,2010-2019,75-79,0.03006,0.14049,2.68,77902,10944,364132,993541,12.75
UT,f,2010-2019,80-84,0.05360,0.23827,2.67,66958,15954,297665,629409,9.40
UT,f,2010-2019,85-89,0.10504,0.41776,2.55,51004,21307,202852,331744,6.50
UT,f,2010-2019,90-94,0.19358,0.63881,2.34,29697,18970,97997,128892,4.34
UT,f,2010-2019,95-99,0.32626,0.82776,2.02,10726,8879,27213,30896,2.88
UT,f,2010-2019,100-104,0.49301,0.93309,1.67,1848,1724,3497,3682,1.99
UT,f,2010-2019,105-109,0.66339,0.97426,1.38,124,120,182,186,1.50
UT,f,2010-2019,110+,0.78698,1.00000,1.27,3,3,4,4,1.27
