PopName,Sex,Year,Age,mx,qx,ax,lx,dx,Lx,Tx,ex
DE,f,1960-1969,0,0.02046,0.02009,0.11,100000,2009,98213,7337942,73.38
DE,f,1960-1969,1-4,0.00081,0.00325,1.67,97991,318,391222,7239730,73.88
DE,f,1960-1969,5-9,0.00040,0.00200,2.3,97673,195,487837,6848508,70.12
DE,f,1960-1969,10-14,0.00030,0.00149,2.8,97478,145,487068,6360671,65.25
DE,f,1960-1969,15-19,0.00042,0.00210,2.64,97333,204,486180,5873603,60.35
DE,f,1960-1969,20-24,0.00062,0.00308,2.33,97128,299,484844,5387423,55.47
DE,f,1960-1969,25-29,0.00085,0.00425,2.31,96829,411,483042,4902578,50.63
DE,f,1960-1969,30-34,0.00114,0.00566,2.65,96418,546,480808,4419537,45.84
DE,f,1960-1969,35-39,0.00182,0.00904,2.82,95872,867,477472,3938729,41.08
DE,f,1960-1969,40-44,0.00284,0.01409,2.7,95005,1339,471948,3461257,36.43
DE,f,1960-1969,45-49,0.00464,0.02293,2.67,93666,2148,463321,2989309,31.91
DE,f,1960-1969,50-54,0.00688,0.03390,2.76,91519,3102,450656,2525988,27.60
DE,f,1960-1969,55-59,0.01036,0.05057,2.65,88416,4472,431554,2075332,23.47
DE,f,1960-1969,60-64,0.01533,0.07388,2.56,83945,6202,404591,1643778,19.58
DE,f,1960-1969,65-69,0.02405,0.11373,2.62,77743,8842,367656,1239187,15.94
DE,f,1960-1969,70-74,0.03918,0.17896,2.58,68901,12331,314715,871531,12.65
DE,f,1960-1969,75-79,0.05974,0.26061,2.55,56570,14743,246789,556816,9.84
DE,f,1960-1969,80-84,0.09395,0.38050,2.5,41828,15915,169406,310026,7.41
DE,f,1960-1969,85-89,0.14891,0.53550,2.38,25912,13876,93184,140620,5.43
DE,f,1960-1969,90-94,0.22699,0.69402,2.2,12036,8353,36801,47435,3.94
DE,f,1960-1969,95-99,0.32909,0.82472,1.98,3683,3037,9229,10635,2.89
DE,f,1960-1969,100-104,0.44990,0.91022,1.73,646,588,1306,1406,2.18
DE,f,1960-1969,105-109,0.57744,0.95590,1.5,58,55,96,100,1.72
DE,f,1960-1969,110+,0.67890,1.00000,1.47,3,3,4,4,1.47
DE,f,1970-1979,0,0.01354,0.01337,0.09,100000,1337,98784,7573653,75.74
DE,f,1970-1979,1-4,0.00064,0.00256,1.44,98663,252,394004,7474869,75.76
DE,f,1970-1979,5-9,0.00029,0.00145,2.42,98410,142,491686,7080865,71.95
DE,f,1970-1979,10-14,0.00029,0.00146,2.37,98268,143,490964,6589179,67.05
DE,f,1970-1979,15-19,0.00049,0.00246,2.74,98125,242,490077,6098215,62.15
DE,f,1970-1979,20-24,0.00058,0.00289,2.51,97883,283,488710,5608138,57.29
DE,f,1970-1979,25-29,0.00069,0.00345,2.64,97600,337,487206,5119428,52.45
DE,f,1970-1979,30-34,0.00085,0.00426,2.64,97263,414,485337,4632222,47.63
DE,f,1970-1979,35-39,0.00149,0.00741,2.65,96849,717,482559,4146885,42.82
DE,f,1970-1979,40-44,0.00256,0.01271,2.79,96132,1222,477957,3664326,38.12
DE,f,1970-1979,45-49,0.00383,0.01897,2.59,94910,1800,470211,3186369,33.57
DE,f,1970-1979,50-54,0.00613,0.03022,2.59,93109,2813,458774,2716157,29.17
DE,f,1970-1979,55-59,0.00925,0.04524,2.63,90296,4085,441802,2257383,25.00
DE,f,1970-1979,60-64,0.01367,0.06622,2.64,86211,5709,417594,1815582,21.06
DE,f,1970-1979,65-69,0.01990,0.09498,2.62,80502,7646,384324,1397988,17.37
DE,f,1970-1979,70-74,0.03123,0.14555,2.67,72856,10604,339551,1013664,13.91
DE,f,1970-1979,75-79,0.05084,0.22622,2.57,62252,14083,276984,674113,10.83
DE,f,1970-1979,80-84,0.07760,0.32607,2.55,48169,15706,202389,397129,8.24
DE,f,1970-1979,85-89,0.12771,0.48108,2.44,32463,15617,122286,194739,6.00
DE,f,1970-1979,90-94,0.20205,0.65079,2.27,16845,10963,54258,72453,4.30
DE,f,1970-1979,95-99,0.30329,0.79888,2.04,5883,4699,15495,18195,3.09
DE,f,1970-1979,100-104,0.42726,0.89887,1.78,1183,1063,2489,2700,2.28
DE,f,1970-1979,105-109,0.56153,0.95221,1.53,120,114,203,211,1.77
DE,f,1970-1979,110+,0.66949,1.00000,1.49,6,6,9,9,1.49
DE,f,1980-1989,0,0.01118,0.01107,0.08,100000,1107,98987,7741194,77.41
DE,f,1980-1989,1-4,0.00054,0.00218,1.67,98893,215,395072,7642208,77.28
DE,f,1980-1989,5-9,0.00026,0.00129,2.34,98678,127,493050,7247136,73.44
DE,f,1980-1989,10-14,0.00021,0.00107,2.32,98550,106,492469,6754086,68.53
DE,f,1980-1989,15-19,0.00040,0.00198,2.82,98445,195,491798,6261617,63.61
DE,f,1980-1989,20-24,0.00057,0.00286,2.48,98250,281,490539,5769819,58.73
DE,f,1980-1989,25-29,0.00063,0.00312,2.48,97968,306,489071,5279279,53.89
DE,f,1980-1989,30-34,0.00082,0.00409,2.63,97662,400,487362,4790209,49.05
DE,f,1980-1989,35-39,0.00107,0.00535,2.57,97263,521,485049,4302847,44.24
DE,f,1980-1989,40-44,0.00202,0.01003,2.67,96742,971,481445,3817798,39.46
DE,f,1980-1989,45-49,0.00313,0.01552,2.82,95771,1487,475622,3336353,34.84
DE,f,1980-1989,50-54,0.00495,0.02447,2.75,94285,2307,466236,2860731,30.34
DE,f,1980-1989,55-59,0.00790,0.03877,2.65,91978,3566,451526,2394495,26.03
DE,f,1980-1989,60-64,0.01281,0.06219,2.68,88412,5498,429317,1942968,21.98
DE,f,1980-1989,65-69,0.01805,0.08647,2.58,82914,7170,397245,1513652,18.26
DE,f,1980-1989,70-74,0.02871,0.13440,2.62,75744,10180,354544,1116407,14.74
DE,f,1980-1989,75-79,0.04526,0.20409,2.6,65565,13381,295652,761863,11.62
DE,f,1980-1989,80-84,0.06687,0.28780,2.58,52183,15018,224599,466211,8.93
DE,f,1980-1989,85-89,0.11252,0.43820,2.48,37165,16286,144741,241612,6.50
DE,f,1980-1989,90-94,0.18226,0.61198,2.32,20879,12778,70106,96871,4.64
DE,f,1980-1989,95-99,0.28016,0.77207,2.09,8101,6255,22326,26765,3.30
DE,f,1980-1989,100-104,0.40357,0.88498,1.83,1847,1634,4049,4438,2.40
DE,f,1980-1989,105-109,0.54076,0.94657,1.57,212,201,372,389,1.83
DE,f,1980-1989,110+,0.65269,1.00000,1.53,11,11,17,17,1.53
DE,f,1990-1999,0,0.00782,0.00777,0.07,100000,777,99282,7867463,78.67
DE,f,1990-1999,1-4,0.00031,0.00126,1.63,99223,125,396599,7768182,78.29
DE,f,1990-1999,5-9,0.00015,0.00073,2.05,99099,73,495279,7371583,74.39
DE,f,1990-1999,10-14,0.00018,0.00088,3,99026,87,494956,6876304,69.44
DE,f,1990-1999,15-19,0.00038,0.00190,2.43,98939,188,494212,6381348,64.50
DE,f,1990-1999,20-24,0.00040,0.00202,2.6,98751,199,493275,5887136,59.62
DE,f,1990-1999,25-29,0.00065,0.00327,2.74,98551,322,492029,5393861,54.73
DE,f,1990-1999,30-34,0.00089,0.00446,2.72,98229,438,490147,4901833,49.90
DE,f,1990-1999,35-39,0.00131,0.00655,2.6,97792,641,487423,4411686,45.11
DE,f,1990-1999,40-44,0.00188,0.00936,2.63,97151,909,483602,3924263,40.39
DE,f,1990-1999,45-49,0.00264,0.01313,2.72,96242,1264,478329,3440661,35.75
DE,f,1990-1999,50-54,0.00403,0.01998,2.74,94978,1897,470600,2962332,31.19
DE,f,1990-1999,55-59,0.00702,0.03454,2.69,93081,3215,457973,2491732,26.77
DE,f,1990-1999,60-64,0.01131,0.05503,2.6,89866,4946,437456,2033759,22.63
DE,f,1990-1999,65-69,0.01655,0.07960,2.63,84920,6760,408553,1596302,18.80
DE,f,1990-1999,70-74,0.02627,0.12367,2.63,78161,9666,367878,1187749,15.20
DE,f,1990-1999,75-79,0.04096,0.18651,2.61,68495,12775,311893,819871,11.97
DE,f,1990-1999,80-84,0.06382,0.27662,2.59,55720,15413,241515,507978,9.12
DE,f,1990-1999,85-89,0.10898,0.42787,2.49,40307,17246,158252,266463,6.61
DE,f,1990-1999,90-94,0.17895,0.60535,2.33,23061,13960,78008,108211,4.69
DE,f,1990-1999,95-99,0.27828,0.77010,2.1,9101,7009,25185,30203,3.32
DE,f,1990-1999,100-104,0.40438,0.88583,1.83,2092,1853,4583,5018,2.40
DE,f,1990-1999,105-109,0.54476,0.94795,1.56,239,226,416,435,1.82
DE,f,1990-1999,110+,0.65910,1.00000,1.52,12,12,19,19,1.52
DE,f,2000-2009,0,0.00839,0.00832,0.08,100000,832,99232,7975893,79.76
DE,f,2000-2009,1-4,0.00027,0.00109,1.57,99168,109,396407,7876661,79.43
DE,f,2000-2009,5-9,0.00012,0.00059,2.01,99059,58,495122,7480254,75.51
DE,f,2000-2009,10-14,0.00015,0.00073,2.62,99001,72,494832,6985133,70.56
DE,f,2000-2009,15-19,0.00036,0.00179,2.78,98929,177,494249,6490300,65.61
DE,f,2000-2009,20-24,0.00048,0.00238,2.51,98751,235,493172,5996051,60.72
DE,f,2000-2009,25-29,0.00052,0.00259,2.65,98517,256,491983,5502879,55.86
DE,f,2000-2009,30-34,0.00085,0.00426,2.63,98261,419,490315,5010896,51.00
DE,f,2000-2009,35-39,0.00113,0.00563,2.82,97842,551,488006,4520581,46.20
DE,f,2000-2009,40-44,0.00211,0.01052,2.61,97291,1024,484008,4032575,41.45
DE,f,2000-2009,45-49,0.00289,0.01434,2.65,96267,1380,478100,3548567,36.86
DE,f,2000-2009,50-54,0.00429,0.02125,2.57,94887,2016,469547,3070467,32.36
DE,f,2000-2009,55-59,0.00569,0.02808,2.63,92871,2608,458184,2600921,28.01
DE,f,2000-2009,60-64,0.00851,0.04171,2.65,90263,3765,442460,2142737,23.74
DE,f,2000-2009,65-69,0.01340,0.06498,2.69,86499,5621,419511,1700277,19.66
DE,f,2000-2009,70-74,0.02117,0.10077,2.61,80878,8150,384928,1280766,15.84
DE,f,2000-2009,75-79,0.03655,0.16820,2.64,72728,12233,334726,895838,12.32
DE,f,2000-2009,80-84,0.05956,0.26083,2.62,60495,15779,264943,561112,9.28
DE,f,2000-2009,85-89,0.10638,0.42064,2.51,44716,18809,176803,296169,6.62
DE,f,2000-2009,90-94,0.18161,0.61203,2.34,25907,15856,87307,119366,4.61
DE,f,2000-2009,95-99,0.29071,0.78667,2.08,10051,7907,27198,32059,3.19
DE,f,2000-2009,100-104,0.42957,0.90190,1.78,2144,1934,4502,4861,2.27
DE,f,2000-2009,105-109,0.58117,0.95811,1.5,210,202,347,359,1.71
DE,f,2000-2009,110+,0.70140,1.00000,1.43,9,9,13,13,1.43
DE,f,2010-2019,0,0.00697,0.00693,0.07,100000,693,99357,8100497,81.00
DE,f,2010-2019,1-4,0.00025,0.00101,1.78,99307,100,397006,8001140,80.57
DE,f,2010-2019,5-9,0.00008,0.00039,3.04,99207,39,495958,7604134,76.65
DE,f,2010-2019,10-14,0.00012,0.00058,2.77,99168,58,495711,7108175,71.68
DE,f,2010-2019,15-19,0.00025,0.00126,2.83,99110,124,495280,6612464,66.72
DE,f,2010-2019,20-24,0.00052,0.00261,2.63,98986,259,494315,6117184,61.80
DE,f,2010-2019,25-29,0.00081,0.00404,2.68,98727,399,492709,5622869,56.95
DE,f,2010-2019,30-34,0.00107,0.00533,2.69,98328,524,490428,5130160,52.17
DE,f,2010-2019,35-39,0.00141,0.00702,2.58,97804,687,487358,4639732,47.44
DE,f,2010-2019,40-44,0.00170,0.00847,2.67,97117,822,483666,4152375,42.76
DE,f,2010-2019,45-49,0.00260,0.01293,2.69,96295,1245,478600,3668708,38.10
DE,f,2010-2019,50-54,0.00408,0.02018,2.61,95050,1918,470670,3190109,33.56
DE,f,2010-2019,55-59,0.00589,0.02905,2.65,93132,2706,459289,2719438,29.20
DE,f,2010-2019,60-64,0.00775,0.03805,2.62,90426,3440,443957,2260149,24.99
DE,f,2010-2019,65-69,0.01092,0.05324,2.65,86986,4631,424047,1816192,20.88
DE,f,2010-2019,70-74,0.01728,0.08302,2.63,82355,6837,395584,1392145,16.90
DE,f,2010-2019,75-79,0.02908,0.13596,2.61,75517,10267,353075,996561,13.20
DE,f,2010-2019,80-84,0.05209,0.23202,2.65,65250,15139,290616,643486,9.86
DE,f,2010-2019,85-89,0.09543,0.38661,2.55,50111,19373,203010,352870,7.04
DE,f,2010-2019,90-94,0.16718,0.58110,2.38,30738,17862,106838,149860,4.88
DE,f,2010-2019,95-99,0.27436,0.76702,2.13,12876,9876,35997,43022,3.34
DE,f,2010-2019,100-104,0.41433,0.89359,1.82,3000,2681,6470,7025,2.34
DE,f,2010-2019,105-109,0.57019,0.95571,1.52,319,305,535,555,1.74
DE,f,2010-2019,110+,0.69498,1.00000,1.44,14,14,20,20,1.44
