PopName,Sex,Year,Age,mx,qx,ax,lx,dx,Lx,Tx,ex
MD,m,1960-1969,0,0.02737,0.02672,0.12,100000,2672,97644,6587271,65.87
MD,m,1960-1969,1-4,0.00100,0.00400,1.68,97328,389,388408,6489627,66.68
MD,m,1960-1969,5-9,0.00049,0.00243,2.35,96938,236,484067,6101219,62.94
MD,m,1960-1969,10-14,0.00052,0.00259,2.82,96703,251,482966,5617151,58.09
MD,m,1960-1969,15-19,0.00131,0.00651,2.86,96452,628,480913,5134185,53.23
MD,m,1960-1969,20-24,0.00171,0.00851,2.51,95824,816,477090,4653272,48.56
MD,m,1960-1969,25-29,0.00178,0.00884,2.56,95008,840,472988,4176182,43.96
MD,m,1960-1969,30-34,0.00208,0.01036,2.63,94168,976,468526,3703194,39.33
MD,m,1960-1969,35-39,0.00314,0.01560,2.63,93193,1454,462524,3234668,34.71
MD,m,1960-1969,40-44,0.00516,0.02547,2.66,91739,2336,453218,2772145,30.22
MD,m,1960-1969,45-49,0.00812,0.03985,2.67,89403,3563,438697,2318926,25.94
MD,m,1960-1969,50-54,0.01364,0.06608,2.65,85840,5673,415870,1880230,21.90
MD,m,1960-1969,55-59,0.02111,0.10056,2.64,80167,8061,381793,1464359,18.27
MD,m,1960-1969,60-64,0.03203,0.14867,2.59,72106,10720,334649,1082566,15.01
MD,m,1960-1969,65-69,0.04745,0.21243,2.54,61386,13040,274795,747917,12.18
MD,m,1960-1969,70-74,0.06730,0.28815,2.51,48346,13931,207003,473122,9.79
MD,m,1960-1969,75-79,0.09490,0.38085,2.41,34415,13107,138106,266120,7.73
MD,m,1960-1969,80-84,0.13364,0.49551,2.39,21308,10558,79004,128014,6.01
MD,m,1960-1969,85-89,0.19351,0.63051,2.24,10750,6778,35025,49010,4.56
MD,m,1960-1969,90-94,0.26401,0.74676,2.09,3972,2966,11235,13986,3.52
MD,m,1960-1969,95-99,0.35219,0.84286,1.91,1006,848,2407,2751,2.74
MD,m,1960-1969,100-104,0.45159,0.90885,1.71,158,144,318,344,2.18
MD,m,1960-1969,105-109,0.55527,0.94863,1.53,14,14,25,26,1.79
MD,m,1960-1969,110+,0.63862,1.00000,1.57,1,1,1,1,1.57
MD,m,1970-1979,0,0.01768,0.01740,0.09,100000,1740,98421,6812953,68.13
MD,m,1970-1979,1-4,0.00069,0.00274,1.71,98260,269,392422,6714532,68.33
MD,m,1970-1979,5-9,0.00042,0.00208,2.32,97991,204,489408,6322110,64.52
MD,m,1970-1979,10-14,0.00039,0.00194,2.84,97787,190,488526,5832701,59.65
MD,m,1970-1979,15-19,0.00136,0.00676,2.89,97597,660,486596,5344176,54.76
MD,m,1970-1979,20-24,0.00196,0.00973,2.51,96937,943,482339,4857580,50.11
MD,m,1970-1979,25-29,0.00179,0.00892,2.5,95994,856,477832,4375241,45.58
MD,m,1970-1979,30-34,0.00198,0.00985,2.57,95138,937,473412,3897409,40.97
MD,m,1970-1979,35-39,0.00265,0.01319,2.66,94201,1242,468096,3423996,36.35
MD,m,1970-1979,40-44,0.00429,0.02123,2.72,92959,1973,460291,2955901,31.80
MD,m,1970-1979,45-49,0.00716,0.03522,2.69,90986,3204,447532,2495610,27.43
MD,m,1970-1979,50-54,0.01112,0.05420,2.67,87781,4758,427812,2048078,23.33
MD,m,1970-1979,55-59,0.01735,0.08336,2.66,83023,6921,398950,1620266,19.52
MD,m,1970-1979,60-64,0.02711,0.12732,2.62,76102,9689,357406,1221316,16.05
MD,m,1970-1979,65-69,0.04137,0.18786,2.56,66413,12476,301611,863910,13.01
MD,m,1970-1979,70-74,0.06028,0.26204,2.51,53937,14134,234465,562300,10.43
MD,m,1970-1979,75-79,0.08729,0.35720,2.46,39803,14218,162875,327834,8.24
MD,m,1970-1979,80-84,0.12088,0.46021,2.41,25585,11774,97404,164959,6.45
MD,m,1970-1979,85-89,0.17683,0.59698,2.28,13811,8245,46625,67556,4.89
MD,m,1970-1979,90-94,0.24410,0.71832,2.14,5566,3998,16379,20931,3.76
MD,m,1970-1979,95-99,0.32938,0.82219,1.95,1568,1289,3914,4552,2.90
MD,m,1970-1979,100-104,0.42733,0.89592,1.76,279,250,584,639,2.29
MD,m,1970-1979,105-109,0.53151,0.94145,1.57,29,27,51,54,1.87
MD,m,1970-1979,110+,0.61610,1.00000,1.62,2,2,3,3,1.62
MD,m,1980-1989,0,0.01313,0.01298,0.08,100000,1298,98806,7049791,70.50
MD,m,1980-1989,1-4,0.00054,0.00217,1.67,98702,214,394309,6950984,70.42
MD,m,1980-1989,5-9,0.00027,0.00136,2.37,98488,134,492087,6556675,66.57
MD,m,1980-1989,10-14,0.00030,0.00151,2.96,98354,149,491466,6064588,61.66
MD,m,1980-1989,15-19,0.00114,0.00568,2.91,98205,558,489862,5573122,56.75
MD,m,1980-1989,20-24,0.00175,0.00871,2.55,97647,851,486152,5083260,52.06
MD,m,1980-1989,25-29,0.00184,0.00915,2.48,96796,886,481752,4597108,47.49
MD,m,1980-1989,30-34,0.00201,0.00999,2.55,95911,958,477207,4115356,42.91
MD,m,1980-1989,35-39,0.00238,0.01182,2.61,94953,1123,472077,3638149,38.32
MD,m,1980-1989,40-44,0.00326,0.01619,2.65,93830,1519,465578,3166072,33.74
MD,m,1980-1989,45-49,0.00508,0.02511,2.65,92311,2318,456112,2700494,29.25
MD,m,1980-1989,50-54,0.00875,0.04286,2.68,89993,3857,441034,2244382,24.94
MD,m,1980-1989,55-59,0.01438,0.06955,2.64,86136,5991,416529,1803348,20.94
MD,m,1980-1989,60-64,0.02203,0.10469,2.63,80145,8390,380816,1386819,17.30
MD,m,1980-1989,65-69,0.03358,0.15536,2.6,71755,11148,332011,1006003,14.02
MD,m,1980-1989,70-74,0.05242,0.23224,2.55,60607,14075,268530,673992,11.12
MD,m,1980-1989,75-79,0.07748,0.32465,2.51,46532,15106,194967,405462,8.71
MD,m,1980-1989,80-84,0.11246,0.43613,2.43,31425,13706,121875,210495,6.70
MD,m,1980-1989,85-89,0.16987,0.58224,2.3,17719,10317,60736,88621,5.00
MD,m,1980-1989,90-94,0.24225,0.71653,2.15,7402,5304,21895,27885,3.77
MD,m,1980-1989,95-99,0.33486,0.82844,1.95,2098,1738,5191,5990,2.85
MD,m,1980-1989,100-104,0.44192,0.90476,1.74,360,326,737,798,2.22
MD,m,1980-1989,105-109,0.55496,0.94912,1.53,34,33,59,61,1.79
MD,m,1980-1989,110+,0.64597,1.00000,1.55,2,2,3,3,1.55
MD,m,1990-1999,0,0.01003,0.00994,0.07,100000,994,99077,7209699,72.10
MD,m,1990-1999,1-4,0.00042,0.00168,1.67,99006,167,395635,7110621,71.82
MD,m,1990-1999,5-9,0.00021,0.00105,2.41,98839,104,493926,6714987,67.94
MD,m,1990-1999,10-14,0.00029,0.00145,2.92,98735,144,493377,6221061,63.01
MD,m,1990-1999,15-19,0.00128,0.00637,2.98,98591,628,491689,5727684,58.10
MD,m,1990-1999,20-24,0.00183,0.00912,2.49,97964,894,487571,5235995,53.45
MD,m,1990-1999,25-29,0.00192,0.00955,2.54,97070,927,483071,4748424,48.92
MD,m,1990-1999,30-34,0.00238,0.01185,2.62,96143,1140,478007,4265353,44.36
MD,m,1990-1999,35-39,0.00308,0.01528,2.56,95004,1452,471476,3787346,39.87
MD,m,1990-1999,40-44,0.00382,0.01891,2.56,93552,1769,463444,3315870,35.44
MD,m,1990-1999,45-49,0.00506,0.02502,2.6,91783,2296,453410,2852425,31.08
MD,m,1990-1999,50-54,0.00688,0.03383,2.63,89486,3027,440270,2399015,26.81
MD,m,1990-1999,55-59,0.01102,0.05373,2.67,86459,4645,421452,1958745,22.66
MD,m,1990-1999,60-64,0.01783,0.08555,2.63,81814,6999,392452,1537293,18.79
MD,m,1990-1999,65-69,0.02777,0.13018,2.6,74815,9739,350690,1144841,15.30
MD,m,1990-1999,70-74,0.04214,0.19116,2.58,65075,12440,295239,794151,12.20
MD,m,1990-1999,75-79,0.06413,0.27680,2.53,52635,14570,227179,498912,9.48
MD,m,1990-1999,80-84,0.10082,0.40220,2.49,38066,15310,151862,271733,7.14
MD,m,1990-1999,85-89,0.15526,0.55201,2.38,22756,12561,80907,119871,5.27
MD,m,1990-1999,90-94,0.23611,0.70849,2.18,10194,7223,30589,38965,3.82
MD,m,1990-1999,95-99,0.33853,0.83334,1.95,2972,2476,7315,8375,2.82
MD,m,1990-1999,100-104,0.45834,0.91415,1.71,495,453,988,1060,2.14
MD,m,1990-1999,105-109,0.58370,0.95731,1.49,43,41,70,72,1.70
MD,m,1990-1999,110+,0.68304,1.00000,1.46,2,2,3,3,1.46
MD,m,2000-2009,0,0.00875,0.00868,0.07,100000,868,99191,7455602,74.56
MD,m,2000-2009,1-4,0.00031,0.00124,1.54,99132,123,396225,7356411,74.21
MD,m,2000-2009,5-9,0.00015,0.00074,2.54,99009,73,494864,6960185,70.30
MD,m,2000-2009,10-14,0.00022,0.00108,2.79,98936,107,494442,6465321,65.35
MD,m,2000-2009,15-19,0.00098,0.00490,3.06,98829,484,493205,5970879,60.42
MD,m,2000-2009,20-24,0.00179,0.00891,2.51,98345,876,489541,5477674,55.70
MD,m,2000-2009,25-29,0.00168,0.00837,2.46,97468,815,485268,4988133,51.18
MD,m,2000-2009,30-34,0.00169,0.00844,2.52,96653,815,481245,4502865,46.59
MD,m,2000-2009,35-39,0.00226,0.01125,2.62,95838,1078,476620,4021620,41.96
MD,m,2000-2009,40-44,0.00315,0.01562,2.66,94760,1480,470332,3545000,37.41
MD,m,2000-2009,45-49,0.00461,0.02279,2.65,93279,2126,461407,3074668,32.96
MD,m,2000-2009,50-54,0.00661,0.03254,2.62,91154,2966,448712,2613261,28.67
MD,m,2000-2009,55-59,0.00910,0.04451,2.61,88188,3926,431546,2164550,24.54
MD,m,2000-2009,60-64,0.01375,0.06659,2.63,84262,5611,408012,1733003,20.57
MD,m,2000-2009,65-69,0.02101,0.10009,2.64,78651,7872,374648,1324992,16.85
MD,m,2000-2009,70-74,0.03302,0.15300,2.61,70779,10829,327995,950344,13.43
MD,m,2000-2009,75-79,0.05202,0.23112,2.59,59950,13855,266363,622349,10.38
MD,m,2000-2009,80-84,0.08550,0.35286,2.53,46094,16265,190223,355986,7.72
MD,m,2000-2009,85-89,0.14091,0.51702,2.43,29829,15423,109448,165763,5.56
MD,m,2000-2009,90-94,0.22740,0.69623,2.22,14407,10031,44109,56315,3.91
MD,m,2000-2009,95-99,0.34130,0.83770,1.96,4376,3666,10741,12206,2.79
MD,m,2000-2009,100-104,0.47656,0.92372,1.69,710,656,1377,1464,2.06
MD,m,2000-2009,105-109,0.61628,0.96508,1.44,54,52,85,87,1.61
MD,m,2000-2009,110+,0.72414,1.00000,1.38,2,2,3,3,1.38
MD,m,2010-2019,0,0.00692,0.00687,0.06,100000,687,99357,7649324,76.49
MD,m,2010-2019,1-4,0.00026,0.00104,1.6,99313,104,397003,7549967,76.02
MD,m,2010-2019,5-9,0.00012,0.00060,2.29,99209,60,495885,7152964,72.10
MD,m,2010-2019,10-14,0.00014,0.00070,2.88,99150,69,495602,6657079,67.14
MD,m,2010-2019,15-19,0.00067,0.00333,3.13,99081,330,494787,6161478,62.19
MD,m,2010-2019,20-24,0.00156,0.00779,2.64,98751,769,491937,5666691,57.38
MD,m,2010-2019,25-29,0.00188,0.00934,2.54,97982,915,487662,5174754,52.81
MD,m,2010-2019,30-34,0.00196,0.00975,2.55,97067,946,483019,4687092,48.29
MD,m,2010-2019,35-39,0.00214,0.01066,2.54,96121,1024,478091,4204073,43.74
MD,m,2010-2019,40-44,0.00249,0.01240,2.61,95097,1179,472664,3725982,39.18
MD,m,2010-2019,45-49,0.00376,0.01863,2.64,93918,1750,465455,3253318,34.64
MD,m,2010-2019,50-54,0.00582,0.02869,2.65,92168,2645,454619,2787863,30.25
MD,m,2010-2019,55-59,0.00875,0.04287,2.64,89523,3838,438571,2333244,26.06
MD,m,2010-2019,60-64,0.01245,0.06043,2.6,85685,5178,416023,1894673,22.11
MD,m,2010-2019,65-69,0.01761,0.08453,2.63,80507,6805,386398,1478650,18.37
MD,m,2010-2019,70-74,0.02649,0.12461,2.63,73702,9184,346744,1092253,14.82
MD,m,2010-2019,75-79,0.04219,0.19169,2.62,64518,12367,293149,745509,11.56
MD,m,2010-2019,80-84,0.06771,0.29073,2.57,52150,15162,223919,452360,8.67
MD,m,2010-2019,85-89,0.11770,0.45480,2.5,36988,16822,142919,228441,6.18
MD,m,2010-2019,90-94,0.20283,0.65434,2.29,20166,13196,65059,85522,4.24
MD,m,2010-2019,95-99,0.32063,0.81957,2.02,6971,5713,17817,20463,2.94
MD,m,2010-2019,100-104,0.46590,0.92015,1.71,1258,1157,2484,2645,2.10
MD,m,2010-2019,105-109,0.61833,0.96603,1.44,100,97,157,162,1.61
MD,m,2010-2019,110+,0.73533,1.00000,1.36,3,3,5,5,1.36
