PopName,Sex,Year,Age,mx,qx,ax,lx,dx,Lx,Tx,ex
AK,m,1960-1969,0,0.03674,0.03562,0.14,100000,3562,96949,6564661,65.65
AK,m,1960-1969,1-4,0.00184,0.00735,1.57,96438,709,384029,6467711,67.07
AK,m,1960-1969,5-9,0.00076,0.00379,2.42,95729,362,477710,6083683,63.55
AK,m,1960-1969,10-14,0.00083,0.00415,2.86,95367,396,475986,5605972,58.78
AK,m,1960-1969,15-19,0.00145,0.00721,2.88,94971,685,473398,5129987,54.02
AK,m,1960-1969,20-24,0.00248,0.01231,2.51,94286,1161,468536,4656588,49.39
AK,m,1960-1969,25-29,0.00267,0.01326,2.44,93125,1235,462457,4188052,44.97
AK,m,1960-1969,30-34,0.00292,0.01449,2.52,91890,1331,456150,3725595,40.54
AK,m,1960-1969,35-39,0.00391,0.01939,2.6,90558,1756,448573,3269445,36.10
AK,m,1960-1969,40-44,0.00539,0.02663,2.62,88803,2365,438385,2820872,31.77
AK,m,1960-1969,45-49,0.00770,0.03780,2.56,86438,3267,424209,2382487,27.56
AK,m,1960-1969,50-54,0.01209,0.05870,2.56,83171,4882,403928,1958279,23.55
AK,m,1960-1969,55-59,0.01676,0.08062,2.66,78289,6312,376668,1554351,19.85
AK,m,1960-1969,60-64,0.02572,0.12130,2.66,71977,8731,339462,1177683,16.36
AK,m,1960-1969,65-69,0.03890,0.17626,2.34,63247,11148,286575,838221,13.25
AK,m,1960-1969,70-74,0.05541,0.24558,2.69,52099,12794,230884,551646,10.59
AK,m,1960-1969,75-79,0.08552,0.34931,2.38,39305,13729,160537,320762,8.16
AK,m,1960-1969,80-84,0.13890,0.50523,2.3,25575,12921,93026,160225,6.26
AK,m,1960-1969,85-89,0.16958,0.57748,2.24,12654,7307,43091,67199,5.31
AK,m,1960-1969,90-94,0.20535,0.64888,2.16,5347,3469,16894,24108,4.51
AK,m,1960-1969,95-99,0.24634,0.71639,2.08,1877,1345,5459,7214,3.84
AK,m,1960-1969,100-104,0.29242,0.77730,1.99,532,414,1415,1755,3.30
AK,m,1960-1969,105-109,0.34313,0.82969,1.89,119,98,287,339,2.86
AK,m,1960-1969,110+,0.38347,1.00000,2.61,20,20,53,53,2.61
AK,m,1970-1979,0,0.01994,0.01959,0.1,100000,1959,98234,6777653,67.78
AK,m,1970-1979,1-4,0.00117,0.00466,1.55,98041,457,391047,6679419,68.13
AK,m,1970-1979,5-9,0.00058,0.00288,2.42,97584,281,487198,6288372,64.44
AK,m,1970-1979,10-14,0.00068,0.00339,2.76,97304,330,485781,5801174,59.62
AK,m,1970-1979,15-19,0.00266,0.01322,2.9,96974,1282,482175,5315393,54.81
AK,m,1970-1979,20-24,0.00324,0.01604,2.31,95692,1535,474333,4833218,50.51
AK,m,1970-1979,25-29,0.00313,0.01555,2.47,94158,1464,467085,4358885,46.29
AK,m,1970-1979,30-34,0.00264,0.01310,2.5,92694,1214,460433,3891800,41.99
AK,m,1970-1979,35-39,0.00341,0.01690,2.57,91479,1546,453635,3431367,37.51
AK,m,1970-1979,40-44,0.00499,0.02466,2.58,89933,2218,444296,2977733,33.11
AK,m,1970-1979,45-49,0.00706,0.03472,2.62,87715,3046,431336,2533437,28.88
AK,m,1970-1979,50-54,0.01017,0.04967,2.66,84669,4205,413517,2102101,24.83
AK,m,1970-1979,55-59,0.01445,0.06994,2.72,80464,5628,389463,1688584,20.99
AK,m,1970-1979,60-64,0.02290,0.10864,2.64,74836,8130,354961,1299121,17.36
AK,m,1970-1979,65-69,0.03428,0.15809,2.55,66706,10545,307657,944160,14.15
AK,m,1970-1979,70-74,0.05250,0.23193,2.49,56161,13025,248090,636503,11.33
AK,m,1970-1979,75-79,0.07407,0.31220,2.49,43135,13467,181814,388413,9.00
AK,m,1970-1979,80-84,0.11356,0.43829,2.4,29669,13003,114510,206599,6.96
AK,m,1970-1979,85-89,0.15430,0.54518,2.31,16665,9086,58881,92089,5.53
AK,m,1970-1979,90-94,0.20601,0.65304,2.2,7580,4950,24027,33208,4.38
AK,m,1970-1979,95-99,0.26921,0.75176,2.06,2630,1977,7344,9181,3.49
AK,m,1970-1979,100-104,0.34316,0.83300,1.91,653,544,1585,1837,2.81
AK,m,1970-1979,105-109,0.42546,0.89313,1.75,109,97,229,252,2.32
AK,m,1970-1979,110+,0.49339,1.00000,2.03,12,12,24,24,2.03
AK,m,1980-1989,0,0.01291,0.01276,0.08,100000,1276,98826,7062636,70.63
AK,m,1980-1989,1-4,0.00085,0.00340,1.67,98724,336,394113,6963810,70.54
AK,m,1980-1989,5-9,0.00043,0.00214,2.73,98389,210,491466,6569697,66.77
AK,m,1980-1989,10-14,0.00054,0.00271,2.99,98178,266,490358,6078231,61.91
AK,m,1980-1989,15-19,0.00200,0.00997,2.91,97912,976,487523,5587873,57.07
AK,m,1980-1989,20-24,0.00310,0.01538,2.53,96936,1491,480991,5100350,52.62
AK,m,1980-1989,25-29,0.00272,0.01349,2.36,95445,1288,473824,4619359,48.40
AK,m,1980-1989,30-34,0.00243,0.01207,2.53,94158,1137,467984,4145535,44.03
AK,m,1980-1989,35-39,0.00264,0.01311,2.5,93021,1219,462059,3677551,39.53
AK,m,1980-1989,40-44,0.00316,0.01570,2.54,91802,1442,455468,3215492,35.03
AK,m,1980-1989,45-49,0.00455,0.02253,2.69,90360,2036,447100,2760024,30.54
AK,m,1980-1989,50-54,0.00741,0.03639,2.64,88324,3214,434031,2312924,26.19
AK,m,1980-1989,55-59,0.01181,0.05747,2.69,85110,4891,414243,1878893,22.08
AK,m,1980-1989,60-64,0.01753,0.08417,2.65,80219,6752,385195,1464650,18.26
AK,m,1980-1989,65-69,0.03009,0.14011,2.55,73467,10293,342105,1079455,14.69
AK,m,1980-1989,70-74,0.05003,0.22367,2.63,63174,14130,282450,737350,11.67
AK,m,1980-1989,75-79,0.07195,0.30543,2.53,49044,14980,208189,454900,9.28
AK,m,1980-1989,80-84,0.10118,0.40254,2.46,34064,13712,135529,246711,7.24
AK,m,1980-1989,85-89,0.15090,0.53905,2.35,20352,10971,72704,111182,5.46
AK,m,1980-1989,90-94,0.21849,0.67787,2.2,9381,6359,29106,38479,4.10
AK,m,1980-1989,95-99,0.30479,0.79773,2.01,3022,2411,7910,9373,3.10
AK,m,1980-1989,100-104,0.40696,0.88437,1.8,611,541,1328,1463,2.39
AK,m,1980-1989,105-109,0.51799,0.93742,1.6,71,66,128,135,1.91
AK,m,1980-1989,110+,0.60888,1.00000,1.64,4,4,7,7,1.64
AK,m,1990-1999,0,0.00962,0.00953,0.07,100000,953,99114,7289689,72.90
AK,m,1990-1999,1-4,0.00062,0.00246,1.86,99047,244,395667,7190575,72.60
AK,m,1990-1999,5-9,0.00026,0.00128,2.4,98803,126,493688,6794907,68.77
AK,m,1990-1999,10-14,0.00043,0.00217,2.78,98677,214,492909,6301219,63.86
AK,m,1990-1999,15-19,0.00165,0.00820,2.83,98463,808,490564,5808310,58.99
AK,m,1990-1999,20-24,0.00225,0.01117,2.38,97655,1091,485414,5317747,54.45
AK,m,1990-1999,25-29,0.00228,0.01131,2.38,96564,1092,479960,4832333,50.04
AK,m,1990-1999,30-34,0.00210,0.01044,2.52,95471,997,474884,4352373,45.59
AK,m,1990-1999,35-39,0.00228,0.01134,2.48,94474,1072,469674,3877490,41.04
AK,m,1990-1999,40-44,0.00285,0.01416,2.57,93403,1323,463803,3407815,36.49
AK,m,1990-1999,45-49,0.00374,0.01852,2.53,92080,1705,456191,2944012,31.97
AK,m,1990-1999,50-54,0.00575,0.02839,2.69,90375,2565,445949,2487821,27.53
AK,m,1990-1999,55-59,0.00953,0.04663,2.71,87809,4095,429661,2041872,23.25
AK,m,1990-1999,60-64,0.01578,0.07609,2.66,83715,6369,403650,1612211,19.26
AK,m,1990-1999,65-69,0.02743,0.12894,2.68,77345,9973,363577,1208561,15.63
AK,m,1990-1999,70-74,0.03978,0.18193,2.66,67372,12257,308164,844984,12.54
AK,m,1990-1999,75-79,0.05942,0.25990,2.59,55115,14324,241078,536819,9.74
AK,m,1990-1999,80-84,0.10214,0.40529,2.45,40791,16532,161857,295741,7.25
AK,m,1990-1999,85-89,0.14983,0.53610,2.35,24259,13005,86796,133884,5.52
AK,m,1990-1999,90-94,0.21396,0.66947,2.21,11254,7534,35213,47088,4.18
AK,m,1990-1999,95-99,0.29537,0.78656,2.03,3720,2926,9905,11875,3.19
AK,m,1990-1999,100-104,0.39187,0.87387,1.83,794,694,1770,1970,2.48
AK,m,1990-1999,105-109,0.49766,0.92960,1.63,100,93,187,199,1.99
AK,m,1990-1999,110+,0.58478,1.00000,1.71,7,7,12,12,1.71
AK,m,2000-2009,0,0.00736,0.00731,0.06,100000,731,99316,7488459,74.88
AK,m,2000-2009,1-4,0.00042,0.00169,1.86,99269,168,396717,7389143,74.44
AK,m,2000-2009,5-9,0.00024,0.00120,2.03,99101,119,495152,6992427,70.56
AK,m,2000-2009,10-14,0.00045,0.00224,3.06,98982,222,494478,6497275,65.64
AK,m,2000-2009,15-19,0.00135,0.00671,2.9,98760,663,492405,6002797,60.78
AK,m,2000-2009,20-24,0.00193,0.00962,2.48,98097,944,488110,5510392,56.17
AK,m,2000-2009,25-29,0.00184,0.00916,2.39,97153,890,483439,5022282,51.69
AK,m,2000-2009,30-34,0.00179,0.00889,2.48,96263,856,479160,4538843,47.15
AK,m,2000-2009,35-39,0.00241,0.01196,2.69,95407,1141,474395,4059683,42.55
AK,m,2000-2009,40-44,0.00296,0.01469,2.66,94266,1385,468097,3585288,38.03
AK,m,2000-2009,45-49,0.00408,0.02020,2.61,92882,1877,459916,3117191,33.56
AK,m,2000-2009,50-54,0.00565,0.02789,2.61,91005,2538,448955,2657275,29.20
AK,m,2000-2009,55-59,0.00788,0.03866,2.64,88467,3420,434269,2208320,24.96
AK,m,2000-2009,60-64,0.01183,0.05761,2.71,85047,4899,414022,1774051,20.86
AK,m,2000-2009,65-69,0.01907,0.09122,2.62,80148,7311,383375,1360029,16.97
AK,m,2000-2009,70-74,0.03332,0.15435,2.62,72837,11243,337379,976654,13.41
AK,m,2000-2009,75-79,0.05113,0.22765,2.6,61594,14022,274264,639275,10.38
AK,m,2000-2009,80-84,0.08842,0.36259,2.52,47572,17249,195078,365011,7.67
AK,m,2000-2009,85-89,0.14188,0.51811,2.4,30323,15711,110732,169933,5.60
AK,m,2000-2009,90-94,0.21890,0.68063,2.22,14612,9946,45434,59201,4.05
AK,m,2000-2009,95-99,0.32092,0.81694,2,4667,3812,11880,13767,2.95
AK,m,2000-2009,100-104,0.44293,0.90689,1.74,854,775,1749,1887,2.21
AK,m,2000-2009,105-109,0.57274,0.95486,1.51,80,76,133,138,1.73
AK,m,2000-2009,110+,0.67632,1.00000,1.48,4,4,5,5,1.48
AK,m,2010-2019,0,0.00589,0.00586,0.06,100000,586,99450,7601816,76.02
AK,m,2010-2019,1-4,0.00046,0.00185,1.83,99414,183,397257,7502367,75.47
AK,m,2010-2019,5-9,0.00020,0.00099,1.99,99230,98,495857,7105110,71.60
AK,m,2010-2019,10-14,0.00031,0.00156,2.87,99132,154,495334,6609252,66.67
AK,m,2010-2019,15-19,0.00111,0.00556,3.16,98978,551,493877,6113919,61.77
AK,m,2010-2019,20-24,0.00180,0.00897,2.59,98427,882,490009,5620042,57.10
AK,m,2010-2019,25-29,0.00198,0.00986,2.54,97545,961,485361,5130033,52.59
AK,m,2010-2019,30-34,0.00216,0.01074,2.5,96584,1038,480324,4644671,48.09
AK,m,2010-2019,35-39,0.00235,0.01168,2.61,95546,1116,475067,4164347,43.58
AK,m,2010-2019,40-44,0.00297,0.01474,2.6,94430,1392,468810,3689280,39.07
AK,m,2010-2019,45-49,0.00411,0.02036,2.63,93037,1894,460701,3220470,34.61
AK,m,2010-2019,50-54,0.00579,0.02855,2.63,91143,2602,449540,2759769,30.28
AK,m,2010-2019,55-59,0.00847,0.04151,2.61,88542,3675,433914,2310229,26.09
AK,m,2010-2019,60-64,0.01193,0.05796,2.59,84867,4919,412473,1876314,22.11
AK,m,2010-2019,65-69,0.01691,0.08131,2.65,79947,6501,384473,1463841,18.31
AK,m,2010-2019,70-74,0.02586,0.12176,2.61,73447,8943,345840,1079369,14.70
AK,m,2010-2019,75-79,0.04161,0.18945,2.64,64504,12220,293682,733529,11.37
AK,m,2010-2019,80-84,0.07278,0.30937,2.58,52284,16175,222256,439847,8.41
AK,m,2010-2019,85-89,0.12478,0.47370,2.46,36109,17105,137077,217591,6.03
AK,m,2010-2019,90-94,0.20446,0.65639,2.27,19004,12474,61010,80514,4.24
AK,m,2010-2019,95-99,0.31499,0.81267,2.02,6530,5307,16847,19503,2.99
AK,m,2010-2019,100-104,0.45054,0.91211,1.74,1223,1116,2476,2656,2.17
AK,m,2010-2019,105-109,0.59465,0.96078,1.48,108,103,174,180,1.67
AK,m,2010-2019,110+,0.70775,1.00000,1.41,4,4,6,6,1.41
