PopName,Sex,Year,Age,mx,qx,ax,lx,dx,Lx,Tx,ex
MA,m,1960-1969,0,0.02379,0.02330,0.11,100000,2330,97924,6774090,67.74
MA,m,1960-1969,1-4,0.00081,0.00325,1.7,97670,318,389951,6676167,68.35
MA,m,1960-1969,5-9,0.00044,0.00222,2.25,97353,216,486168,6286216,64.57
MA,m,1960-1969,10-14,0.00040,0.00201,2.63,97136,195,485219,5800047,59.71
MA,m,1960-1969,15-19,0.00100,0.00497,2.84,96941,481,483665,5314828,54.83
MA,m,1960-1969,20-24,0.00133,0.00664,2.48,96460,640,480687,4831163,50.08
MA,m,1960-1969,25-29,0.00119,0.00592,2.59,95820,567,477736,4350476,45.40
MA,m,1960-1969,30-34,0.00153,0.00765,2.62,95253,728,474528,3872740,40.66
MA,m,1960-1969,35-39,0.00249,0.01239,2.68,94525,1171,469907,3398212,35.95
MA,m,1960-1969,40-44,0.00406,0.02012,2.69,93353,1878,462429,2928306,31.37
MA,m,1960-1969,45-49,0.00687,0.03382,2.69,91475,3094,450243,2465877,26.96
MA,m,1960-1969,50-54,0.01178,0.05736,2.68,88381,5069,430151,2015634,22.81
MA,m,1960-1969,55-59,0.01878,0.08995,2.67,83312,7494,399123,1585483,19.03
MA,m,1960-1969,60-64,0.02886,0.13498,2.61,75818,10234,354660,1186360,15.65
MA,m,1960-1969,65-69,0.04290,0.19413,2.55,65584,12732,296763,831700,12.68
MA,m,1960-1969,70-74,0.06170,0.26758,2.52,52852,14142,229218,534937,10.12
MA,m,1960-1969,75-79,0.08793,0.35960,2.47,38710,13920,158315,305719,7.90
MA,m,1960-1969,80-84,0.13332,0.49501,2.4,24790,12271,92047,147404,5.95
MA,m,1960-1969,85-89,0.19821,0.64194,2.26,12519,8036,40545,55357,4.42
MA,m,1960-1969,90-94,0.28257,0.77206,2.06,4483,3461,12247,14812,3.30
MA,m,1960-1969,95-99,0.38619,0.87088,1.85,1022,890,2304,2564,2.51
MA,m,1960-1969,100-104,0.50081,0.93152,1.63,132,123,245,260,1.97
MA,m,1960-1969,105-109,0.61595,0.96393,1.44,9,9,14,15,1.62
MA,m,1960-1969,110+,0.70555,1.00000,1.42,0,0,0,0,1.42
MA,m,1970-1979,0,0.01560,0.01538,0.09,100000,1538,98596,6946642,69.47
MA,m,1970-1979,1-4,0.00064,0.00256,1.75,98462,252,393281,6848046,69.55
MA,m,1970-1979,5-9,0.00036,0.00180,2.32,98210,177,490576,6454766,65.72
MA,m,1970-1979,10-14,0.00034,0.00170,2.83,98033,166,489805,5964189,60.84
MA,m,1970-1979,15-19,0.00121,0.00603,2.96,97867,591,488131,5474384,55.94
MA,m,1970-1979,20-24,0.00160,0.00798,2.46,97276,776,484407,4986253,51.26
MA,m,1970-1979,25-29,0.00145,0.00724,2.44,96500,698,480715,4501847,46.65
MA,m,1970-1979,30-34,0.00153,0.00763,2.6,95802,731,477256,4021132,41.97
MA,m,1970-1979,35-39,0.00222,0.01106,2.74,95071,1051,472981,3543876,37.28
MA,m,1970-1979,40-44,0.00382,0.01892,2.7,94020,1779,466009,3070895,32.66
MA,m,1970-1979,45-49,0.00610,0.03009,2.67,92241,2776,454750,2604885,28.24
MA,m,1970-1979,50-54,0.00990,0.04840,2.66,89465,4330,437209,2150135,24.03
MA,m,1970-1979,55-59,0.01575,0.07593,2.66,85135,6464,410515,1712926,20.12
MA,m,1970-1979,60-64,0.02485,0.11732,2.63,78670,9230,371471,1302411,16.56
MA,m,1970-1979,65-69,0.03803,0.17412,2.58,69441,12091,317955,930941,13.41
MA,m,1970-1979,70-74,0.05626,0.24723,2.55,57350,14178,252019,612986,10.69
MA,m,1970-1979,75-79,0.08370,0.34589,2.49,43171,14932,178404,360967,8.36
MA,m,1970-1979,80-84,0.12041,0.45954,2.42,28239,12977,107774,182563,6.47
MA,m,1970-1979,85-89,0.17461,0.59245,2.29,15262,9042,51785,74789,4.90
MA,m,1970-1979,90-94,0.24825,0.72563,2.14,6220,4513,18181,23004,3.70
MA,m,1970-1979,95-99,0.33901,0.83183,1.94,1707,1420,4187,4823,2.83
MA,m,1970-1979,100-104,0.44268,0.90479,1.73,287,260,587,636,2.22
MA,m,1970-1979,105-109,0.55187,0.94800,1.54,27,26,47,49,1.80
MA,m,1970-1979,110+,0.63984,1.00000,1.56,1,1,2,2,1.56
MA,m,1980-1989,0,0.00994,0.00985,0.07,100000,985,99086,7200918,72.01
MA,m,1980-1989,1-4,0.00042,0.00170,1.67,99015,168,395671,7101832,71.72
MA,m,1980-1989,5-9,0.00023,0.00117,2.33,98848,116,493928,6706161,67.84
MA,m,1980-1989,10-14,0.00024,0.00118,2.8,98732,116,493402,6212232,62.92
MA,m,1980-1989,15-19,0.00094,0.00467,2.93,98615,460,492124,5718830,57.99
MA,m,1980-1989,20-24,0.00123,0.00615,2.47,98155,603,489253,5226706,53.25
MA,m,1980-1989,25-29,0.00128,0.00637,2.55,97552,622,486239,4737453,48.56
MA,m,1980-1989,30-34,0.00154,0.00767,2.56,96930,744,482838,4251214,43.86
MA,m,1980-1989,35-39,0.00201,0.00999,2.63,96187,961,478657,3768376,39.18
MA,m,1980-1989,40-44,0.00289,0.01433,2.66,95226,1365,472931,3289719,34.55
MA,m,1980-1989,45-49,0.00470,0.02327,2.73,93861,2184,464342,2816788,30.01
MA,m,1980-1989,50-54,0.00803,0.03942,2.7,91677,3614,450089,2352446,25.66
MA,m,1980-1989,55-59,0.01272,0.06177,2.66,88063,5440,427599,1902357,21.60
MA,m,1980-1989,60-64,0.02006,0.09576,2.64,82623,7912,394437,1474758,17.85
MA,m,1980-1989,65-69,0.03101,0.14440,2.62,74712,10788,347867,1080320,14.46
MA,m,1980-1989,70-74,0.04842,0.21673,2.58,63923,13854,286140,732454,11.46
MA,m,1980-1989,75-79,0.07285,0.30855,2.52,50069,15449,212059,446314,8.91
MA,m,1980-1989,80-84,0.11168,0.43443,2.45,34620,15040,134675,234255,6.77
MA,m,1980-1989,85-89,0.16466,0.57184,2.33,19580,11197,68000,99580,5.09
MA,m,1980-1989,90-94,0.24110,0.71599,2.16,8384,6002,24896,31581,3.77
MA,m,1980-1989,95-99,0.34076,0.83439,1.94,2381,1987,5830,6685,2.81
MA,m,1980-1989,100-104,0.45260,0.91061,1.72,394,359,793,855,2.17
MA,m,1980-1989,105-109,0.56984,0.95341,1.51,35,34,59,61,1.74
MA,m,1980-1989,110+,0.66353,1.00000,1.51,2,2,2,2,1.51
MA,m,1990-1999,0,0.00643,0.00639,0.06,100000,639,99401,7432272,74.32
MA,m,1990-1999,1-4,0.00027,0.00108,1.61,99361,107,397190,7332871,73.80
MA,m,1990-1999,5-9,0.00014,0.00069,2.29,99254,68,496088,6935680,69.88
MA,m,1990-1999,10-14,0.00020,0.00098,3.03,99186,97,495740,6439593,64.92
MA,m,1990-1999,15-19,0.00074,0.00371,2.92,99089,367,494680,5943852,59.98
MA,m,1990-1999,20-24,0.00094,0.00468,2.53,98722,462,492467,5449173,55.20
MA,m,1990-1999,25-29,0.00106,0.00530,2.61,98260,521,490055,4956706,50.45
MA,m,1990-1999,30-34,0.00163,0.00810,2.62,97739,791,486815,4466651,45.70
MA,m,1990-1999,35-39,0.00225,0.01120,2.63,96948,1086,482161,3979836,41.05
MA,m,1990-1999,40-44,0.00293,0.01455,2.61,95861,1394,475970,3497675,36.49
MA,m,1990-1999,45-49,0.00401,0.01987,2.64,94467,1877,467904,3021704,31.99
MA,m,1990-1999,50-54,0.00595,0.02935,2.66,92590,2717,456592,2553800,27.58
MA,m,1990-1999,55-59,0.00983,0.04805,2.7,89873,4318,439414,2097208,23.34
MA,m,1990-1999,60-64,0.01601,0.07718,2.67,85554,6603,412378,1657794,19.38
MA,m,1990-1999,65-69,0.02501,0.11807,2.64,78951,9322,372792,1245416,15.77
MA,m,1990-1999,70-74,0.03881,0.17752,2.6,69629,12360,318465,872625,12.53
MA,m,1990-1999,75-79,0.05994,0.26177,2.58,57269,14991,250088,554160,9.68
MA,m,1990-1999,80-84,0.09786,0.39289,2.49,42277,16610,169734,304072,7.19
MA,m,1990-1999,85-89,0.15588,0.55102,2.34,25667,14143,90730,134337,5.23
MA,m,1990-1999,90-94,0.23824,0.71213,2.18,11524,8207,34447,43607,3.78
MA,m,1990-1999,95-99,0.34612,0.84071,1.94,3317,2789,8058,9160,2.76
MA,m,1990-1999,100-104,0.47134,0.92054,1.69,528,486,1032,1102,2.08
MA,m,1990-1999,105-109,0.60098,0.96145,1.46,42,40,67,69,1.65
MA,m,1990-1999,110+,0.70247,1.00000,1.42,2,2,2,2,1.42
MA,m,2000-2009,0,0.00558,0.00555,0.06,100000,555,99478,7659078,76.59
MA,m,2000-2009,1-4,0.00020,0.00081,1.57,99445,80,397583,7559600,76.02
MA,m,2000-2009,5-9,0.00010,0.00050,2.43,99364,49,496695,7162017,72.08
MA,m,2000-2009,10-14,0.00013,0.00066,2.65,99315,66,496420,6665322,67.11
MA,m,2000-2009,15-19,0.00055,0.00275,3.01,99249,273,495703,6168901,62.16
MA,m,2000-2009,20-24,0.00102,0.00507,2.59,98976,502,493673,5673198,57.32
MA,m,2000-2009,25-29,0.00103,0.00513,2.52,98475,505,491121,5179525,52.60
MA,m,2000-2009,30-34,0.00115,0.00576,2.57,97969,564,488474,4688404,47.86
MA,m,2000-2009,35-39,0.00162,0.00808,2.65,97405,787,485178,4199931,43.12
MA,m,2000-2009,40-44,0.00241,0.01200,2.7,96618,1160,480419,3714753,38.45
MA,m,2000-2009,45-49,0.00369,0.01828,2.67,95459,1745,473233,3234334,33.88
MA,m,2000-2009,50-54,0.00535,0.02640,2.64,93714,2474,462726,2761101,29.46
MA,m,2000-2009,55-59,0.00794,0.03897,2.65,91239,3556,447858,2298375,25.19
MA,m,2000-2009,60-64,0.01191,0.05791,2.66,87684,5078,426542,1850517,21.10
MA,m,2000-2009,65-69,0.01903,0.09107,2.66,82606,7523,395416,1423975,17.24
MA,m,2000-2009,70-74,0.03070,0.14307,2.62,75082,10742,349873,1028559,13.70
MA,m,2000-2009,75-79,0.04920,0.22004,2.6,64341,14157,287739,678686,10.55
MA,m,2000-2009,80-84,0.08248,0.34296,2.55,50183,17211,208671,390947,7.79
MA,m,2000-2009,85-89,0.14126,0.51827,2.43,32972,17089,120970,182276,5.53
MA,m,2000-2009,90-94,0.22982,0.70184,2.23,15884,11148,48506,61306,3.86
MA,m,2000-2009,95-99,0.35320,0.84895,1.94,4736,4020,11383,12800,2.70
MA,m,2000-2009,100-104,0.49696,0.93251,1.65,715,667,1342,1417,1.98
MA,m,2000-2009,105-109,0.64249,0.97011,1.4,48,47,73,75,1.55
MA,m,2000-2009,110+,0.75201,1.00000,1.33,1,1,2,2,1.33
MA,m,2010-2019,0,0.00453,0.00451,0.06,100000,451,99575,7804003,78.04
MA,m,2010-2019,1-4,0.00016,0.00066,1.65,99549,65,398043,7704428,77.39
MA,m,2010-2019,5-9,0.00009,0.00047,2.56,99484,47,497304,7306385,73.44
MA,m,2010-2019,10-14,0.00011,0.00053,2.7,99437,53,497063,6809081,68.48
MA,m,2010-2019,15-19,0.00040,0.00198,3.02,99384,196,496531,6312019,63.51
MA,m,2010-2019,20-24,0.00099,0.00496,2.82,99188,492,494866,5815487,58.63
MA,m,2010-2019,25-29,0.00144,0.00716,2.6,98696,706,491787,5320621,53.91
MA,m,2010-2019,30-34,0.00167,0.00834,2.55,97990,817,487951,4828834,49.28
MA,m,2010-2019,35-39,0.00184,0.00914,2.58,97173,888,483717,4340882,44.67
MA,m,2010-2019,40-44,0.00226,0.01125,2.65,96285,1083,478883,3857166,40.06
MA,m,2010-2019,45-49,0.00323,0.01602,2.69,95202,1526,472478,3378283,35.49
MA,m,2010-2019,50-54,0.00501,0.02474,2.62,93676,2317,462861,2905805,31.02
MA,m,2010-2019,55-59,0.00725,0.03565,2.66,91359,3257,449183,2442944,26.74
MA,m,2010-2019,60-64,0.01045,0.05099,2.63,88102,4492,429884,1993761,22.63
MA,m,2010-2019,65-69,0.01538,0.07423,2.64,83610,6206,403383,1563878,18.70
MA,m,2010-2019,70-74,0.02421,0.11450,2.64,77404,8863,366106,1160494,14.99
MA,m,2010-2019,75-79,0.03992,0.18230,2.63,68541,12495,313042,794389,11.59
MA,m,2010-2019,80-84,0.06863,0.29408,2.57,56045,16482,240166,481346,8.59
MA,m,2010-2019,85-89,0.11927,0.45926,2.5,39564,18170,152339,241181,6.10
MA,m,2010-2019,90-94,0.20758,0.66445,2.29,21394,14215,68480,88842,4.15
MA,m,2010-2019,95-99,0.33342,0.83253,1.99,7179,5976,17925,20362,2.84
MA,m,2010-2019,100-104,0.48469,0.92851,1.68,1202,1116,2303,2437,2.03
MA,m,2010-2019,105-109,0.64027,0.97011,1.41,86,83,130,134,1.55
MA,m,2010-2019,110+,0.75703,1.00000,1.32,3,3,3,3,1.32
