PopName,Sex,Year,Age,mx,qx,ax,lx,dx,Lx,Tx,ex
WI,b,1960-1969,0,0.02086,0.02048,0.11,100000,2048,98170,7173357,71.73
WI,b,1960-1969,1-4,0.00081,0.00325,1.67,97952,318,391068,7075187,72.23
WI,b,1960-1969,5-9,0.00040,0.00202,2.26,97634,197,487632,6684119,68.46
WI,b,1960-1969,10-14,0.00037,0.00184,2.66,97437,179,486766,6196488,63.59
WI,b,1960-1969,15-19,0.00102,0.00507,2.9,97258,493,485252,5709722,58.71
WI,b,1960-1969,20-24,0.00119,0.00592,2.42,96765,573,482347,5224469,53.99
WI,b,1960-1969,25-29,0.00103,0.00514,2.44,96193,495,479694,4742123,49.30
WI,b,1960-1969,30-34,0.00122,0.00608,2.59,95698,582,477088,4262429,44.54
WI,b,1960-1969,35-39,0.00180,0.00898,2.66,95116,854,473584,3785340,39.80
WI,b,1960-1969,40-44,0.00286,0.01419,2.7,94262,1338,468236,3311756,35.13
WI,b,1960-1969,45-49,0.00465,0.02302,2.68,92924,2139,459667,2843520,30.60
WI,b,1960-1969,50-54,0.00760,0.03733,2.67,90785,3389,446045,2383853,26.26
WI,b,1960-1969,55-59,0.01184,0.05762,2.65,87396,5036,425164,1937808,22.17
WI,b,1960-1969,60-64,0.01839,0.08812,2.64,82360,7257,394676,1512644,18.37
WI,b,1960-1969,65-69,0.02826,0.13240,2.62,75103,9943,351865,1117968,14.89
WI,b,1960-1969,70-74,0.04419,0.19974,2.6,65159,13015,294554,766104,11.76
WI,b,1960-1969,75-79,0.06879,0.29425,2.54,52144,15343,223044,471550,9.04
WI,b,1960-1969,80-84,0.10781,0.42355,2.47,36801,15587,144585,248506,6.75
WI,b,1960-1969,85-89,0.17065,0.58612,2.33,21214,12434,72862,103920,4.90
WI,b,1960-1969,90-94,0.25870,0.74249,2.13,8780,6519,25200,31059,3.54
WI,b,1960-1969,95-99,0.37160,0.86182,1.89,2261,1949,5244,5859,2.59
WI,b,1960-1969,100-104,0.50079,0.93274,1.64,312,291,582,615,1.97
WI,b,1960-1969,105-109,0.63137,0.96758,1.42,21,20,32,33,1.58
WI,b,1960-1969,110+,0.73163,1.00000,1.37,1,1,1,1,1.37
WI,b,1970-1979,0,0.01343,0.01327,0.09,100000,1327,98787,7379814,73.80
WI,b,1970-1979,1-4,0.00062,0.00247,1.71,98673,244,394133,7281027,73.79
WI,b,1970-1979,5-9,0.00033,0.00166,2.31,98429,163,491706,6886894,69.97
WI,b,1970-1979,10-14,0.00034,0.00170,2.76,98266,167,490955,6395188,65.08
WI,b,1970-1979,15-19,0.00099,0.00492,2.9,98099,483,489480,5904233,60.19
WI,b,1970-1979,20-24,0.00113,0.00562,2.46,97616,549,486687,5414753,55.47
WI,b,1970-1979,25-29,0.00102,0.00507,2.46,97067,492,484087,4928066,50.77
WI,b,1970-1979,30-34,0.00111,0.00552,2.61,96575,533,481599,4443979,46.02
WI,b,1970-1979,35-39,0.00159,0.00794,2.65,96042,763,478414,3962380,41.26
WI,b,1970-1979,40-44,0.00250,0.01242,2.73,95279,1183,473713,3483965,36.57
WI,b,1970-1979,45-49,0.00419,0.02075,2.65,94096,1952,465889,3010252,31.99
WI,b,1970-1979,50-54,0.00658,0.03239,2.66,92144,2984,453748,2544363,27.61
WI,b,1970-1979,55-59,0.01050,0.05124,2.65,89159,4569,435050,2090614,23.45
WI,b,1970-1979,60-64,0.01654,0.07959,2.66,84591,6733,407167,1655565,19.57
WI,b,1970-1979,65-69,0.02531,0.11937,2.62,77858,9294,367135,1248398,16.03
WI,b,1970-1979,70-74,0.03790,0.17370,2.6,68565,11910,314218,881263,12.85
WI,b,1970-1979,75-79,0.05941,0.25935,2.55,56655,14694,247312,567045,10.01
WI,b,1970-1979,80-84,0.09125,0.37196,2.52,41961,15608,171037,319733,7.62
WI,b,1970-1979,85-89,0.14166,0.51665,2.38,26353,13616,96116,148696,5.64
WI,b,1970-1979,90-94,0.21410,0.67255,2.24,12738,8567,40013,52580,4.13
WI,b,1970-1979,95-99,0.31337,0.80885,2.01,4171,3374,10766,12567,3.01
WI,b,1970-1979,100-104,0.43229,0.90109,1.76,797,718,1662,1801,2.26
WI,b,1970-1979,105-109,0.56121,0.95186,1.53,79,75,134,139,1.77
WI,b,1970-1979,110+,0.66565,1.00000,1.5,4,4,6,6,1.50
WI,b,1980-1989,0,0.00936,0.00928,0.07,100000,928,99141,7614055,76.14
WI,b,1980-1989,1-4,0.00049,0.00194,1.64,99072,192,395833,7514914,75.85
WI,b,1980-1989,5-9,0.00022,0.00111,2.37,98879,110,494109,7119081,72.00
WI,b,1980-1989,10-14,0.00024,0.00122,2.8,98770,120,493585,6624972,67.07
WI,b,1980-1989,15-19,0.00076,0.00381,2.9,98650,376,492460,6131387,62.15
WI,b,1980-1989,20-24,0.00093,0.00464,2.43,98274,456,490200,5638928,57.38
WI,b,1980-1989,25-29,0.00087,0.00435,2.51,97818,425,488030,5148728,52.64
WI,b,1980-1989,30-34,0.00097,0.00484,2.6,97393,471,485831,4660698,47.85
WI,b,1980-1989,35-39,0.00128,0.00637,2.65,96922,617,483159,4174866,43.07
WI,b,1980-1989,40-44,0.00194,0.00966,2.69,96305,931,479374,3691707,38.33
WI,b,1980-1989,45-49,0.00322,0.01596,2.72,95374,1522,473393,3212333,33.68
WI,b,1980-1989,50-54,0.00547,0.02701,2.69,93852,2535,463398,2738940,29.18
WI,b,1980-1989,55-59,0.00874,0.04280,2.65,91316,3908,447412,2275542,24.92
WI,b,1980-1989,60-64,0.01368,0.06624,2.64,87408,5790,423388,1828131,20.91
WI,b,1980-1989,65-69,0.02131,0.10140,2.63,81617,8276,388455,1404743,17.21
WI,b,1980-1989,70-74,0.03301,0.15295,2.6,73341,11218,339834,1016288,13.86
WI,b,1980-1989,75-79,0.05025,0.22404,2.58,62124,13918,276999,676454,10.89
WI,b,1980-1989,80-84,0.07889,0.33001,2.53,48205,15908,201658,399455,8.29
WI,b,1980-1989,85-89,0.12521,0.47362,2.43,32297,15297,122164,197797,6.12
WI,b,1980-1989,90-94,0.19364,0.63423,2.28,17000,10782,55682,75634,4.45
WI,b,1980-1989,95-99,0.29061,0.78408,2.06,6218,4876,16777,19951,3.21
WI,b,1980-1989,100-104,0.41116,0.88935,1.81,1343,1194,2904,3174,2.36
WI,b,1980-1989,105-109,0.54548,0.94783,1.56,149,141,258,270,1.82
WI,b,1980-1989,110+,0.65574,1.00000,1.52,8,8,12,12,1.52
WI,b,1990-1999,0,0.00796,0.00790,0.07,100000,790,99266,7743683,77.44
WI,b,1990-1999,1-4,0.00038,0.00153,1.59,99210,152,396475,7644417,77.05
WI,b,1990-1999,5-9,0.00018,0.00091,2.37,99058,90,495056,7247942,73.17
WI,b,1990-1999,10-14,0.00021,0.00106,2.9,98969,105,494622,6752887,68.23
WI,b,1990-1999,15-19,0.00069,0.00345,2.81,98863,341,493570,6258264,63.30
WI,b,1990-1999,20-24,0.00085,0.00422,2.44,98522,415,491548,5764694,58.51
WI,b,1990-1999,25-29,0.00082,0.00412,2.5,98107,404,489527,5273145,53.75
WI,b,1990-1999,30-34,0.00098,0.00491,2.54,97703,479,487338,4783618,48.96
WI,b,1990-1999,35-39,0.00125,0.00624,2.6,97224,606,484662,4296280,44.19
WI,b,1990-1999,40-44,0.00180,0.00894,2.66,96618,864,481069,3811618,39.45
WI,b,1990-1999,45-49,0.00276,0.01370,2.68,95754,1312,475726,3330549,34.78
WI,b,1990-1999,50-54,0.00446,0.02207,2.69,94442,2084,467388,2854823,30.23
WI,b,1990-1999,55-59,0.00737,0.03622,2.68,92358,3345,454018,2387434,25.85
WI,b,1990-1999,60-64,0.01191,0.05792,2.65,89012,5156,432952,1933417,21.72
WI,b,1990-1999,65-69,0.01902,0.09102,2.64,83857,7633,401268,1500465,17.89
WI,b,1990-1999,70-74,0.02913,0.13617,2.61,76224,10379,356357,1099197,14.42
WI,b,1990-1999,75-79,0.04551,0.20511,2.6,65844,13506,296745,742840,11.28
WI,b,1990-1999,80-84,0.07400,0.31321,2.55,52339,16393,221520,446095,8.52
WI,b,1990-1999,85-89,0.11915,0.45708,2.45,35946,16430,137890,224575,6.25
WI,b,1990-1999,90-94,0.19278,0.63327,2.29,19516,12359,64106,86685,4.44
WI,b,1990-1999,95-99,0.29541,0.79095,2.06,7157,5661,19163,22579,3.15
WI,b,1990-1999,100-104,0.42655,0.89946,1.79,1496,1346,3155,3416,2.28
WI,b,1990-1999,105-109,0.57131,0.95541,1.52,150,144,252,261,1.74
WI,b,1990-1999,110+,0.68808,1.00000,1.45,7,7,10,10,1.45
WI,b,2000-2009,0,0.00662,0.00658,0.07,100000,658,99386,7877199,78.77
WI,b,2000-2009,1-4,0.00027,0.00107,1.52,99342,107,397103,7777813,78.29
WI,b,2000-2009,5-9,0.00014,0.00069,2.49,99235,68,496005,7380710,74.38
WI,b,2000-2009,10-14,0.00016,0.00080,2.87,99167,80,495666,6884705,69.43
WI,b,2000-2009,15-19,0.00059,0.00297,2.88,99087,294,494815,6389039,64.48
WI,b,2000-2009,20-24,0.00084,0.00421,2.56,98793,416,492950,5894225,59.66
WI,b,2000-2009,25-29,0.00084,0.00421,2.48,98377,414,490844,5401275,54.90
WI,b,2000-2009,30-34,0.00089,0.00443,2.56,97963,434,488759,4910431,50.13
WI,b,2000-2009,35-39,0.00126,0.00627,2.66,97529,611,486215,4421671,45.34
WI,b,2000-2009,40-44,0.00185,0.00920,2.65,96918,892,482499,3935456,40.61
WI,b,2000-2009,45-49,0.00280,0.01389,2.65,96026,1334,476999,3452958,35.96
WI,b,2000-2009,50-54,0.00412,0.02039,2.65,94692,1931,468919,2975959,31.43
WI,b,2000-2009,55-59,0.00635,0.03129,2.66,92761,2903,457024,2507040,27.03
WI,b,2000-2009,60-64,0.01008,0.04925,2.69,89858,4425,439049,2050016,22.81
WI,b,2000-2009,65-69,0.01565,0.07546,2.64,85433,6446,411956,1610967,18.86
WI,b,2000-2009,70-74,0.02484,0.11725,2.62,78986,9262,372883,1199012,15.18
WI,b,2000-2009,75-79,0.03954,0.18061,2.61,69725,12593,318480,826128,11.85
WI,b,2000-2009,80-84,0.06533,0.28215,2.59,57132,16120,246752,507648,8.89
WI,b,2000-2009,85-89,0.11305,0.44036,2.49,41012,18060,159747,260896,6.36
WI,b,2000-2009,90-94,0.19263,0.63478,2.31,22952,14570,75633,101150,4.41
WI,b,2000-2009,95-99,0.30706,0.80555,2.05,8382,6752,21991,25516,3.04
WI,b,2000-2009,100-104,0.45199,0.91389,1.74,1630,1490,3296,3525,2.16
WI,b,2000-2009,105-109,0.60774,0.96413,1.46,140,135,223,230,1.64
WI,b,2000-2009,110+,0.72911,1.00000,1.37,5,5,7,7,1.37
WI,b,2010-2019,0,0.00602,0.00598,0.07,100000,598,99441,7952693,79.53
WI,b,2010-2019,1-4,0.00023,0.00090,1.64,99402,90,397394,7853252,79.01
WI,b,2010-2019,5-9,0.00010,0.00051,2.42,99312,51,496428,7455858,75.08
WI,b,2010-2019,10-14,0.00014,0.00072,2.74,99261,71,496144,6959429,70.11
WI,b,2010-2019,15-19,0.00045,0.00225,2.89,99190,223,495479,6463286,65.16
WI,b,2010-2019,20-24,0.00080,0.00399,2.68,98966,395,493915,5967807,60.30
WI,b,2010-2019,25-29,0.00105,0.00523,2.53,98571,515,491587,5473891,55.53
WI,b,2010-2019,30-34,0.00116,0.00579,2.56,98056,568,488899,4982304,50.81
WI,b,2010-2019,35-39,0.00139,0.00692,2.6,97489,674,485827,4493405,46.09
WI,b,2010-2019,40-44,0.00179,0.00894,2.64,96814,865,482030,4007578,41.39
WI,b,2010-2019,45-49,0.00273,0.01357,2.64,95949,1302,476676,3525548,36.74
WI,b,2010-2019,50-54,0.00415,0.02056,2.65,94647,1946,468668,3048872,32.21
WI,b,2010-2019,55-59,0.00621,0.03059,2.65,92701,2835,456829,2580204,27.83
WI,b,2010-2019,60-64,0.00908,0.04445,2.64,89866,3995,439913,2123375,23.63
WI,b,2010-2019,65-69,0.01370,0.06635,2.65,85871,5698,415986,1683462,19.60
WI,b,2010-2019,70-74,0.02193,0.10423,2.64,80174,8357,381141,1267476,15.81
WI,b,2010-2019,75-79,0.03548,0.16359,2.62,71817,11749,331113,886335,12.34
WI,b,2010-2019,80-84,0.06017,0.26283,2.6,60068,15788,262399,555222,9.24
WI,b,2010-2019,85-89,0.10590,0.41924,2.52,44281,18564,175301,292823,6.61
WI,b,2010-2019,90-94,0.18294,0.61499,2.34,25716,15815,86449,117522,4.57
WI,b,2010-2019,95-99,0.29585,0.79338,2.08,9901,7855,26551,31074,3.14
WI,b,2010-2019,100-104,0.44130,0.90876,1.76,2046,1859,4213,4522,2.21
WI,b,2010-2019,105-109,0.59927,0.96249,1.47,187,180,300,309,1.66
WI,b,2010-2019,110+,0.72308,1.00000,1.38,7,7,10,10,1.38
