PopName,Sex,Year,Age,mx,qx,ax,lx,dx,Lx,Tx,ex
WI,f,1960-1969,0,0.01807,0.01778,0.1,100000,1778,98406,7515111,75.15
WI,f,1960-1969,1-4,0.00074,0.00293,1.62,98222,288,392202,7416704,75.51
WI,f,1960-1969,5-9,0.00033,0.00165,2.18,97934,162,489213,7024502,71.73
WI,f,1960-1969,10-14,0.00029,0.00143,2.59,97772,140,488522,6535290,66.84
WI,f,1960-1969,15-19,0.00056,0.00279,2.73,97632,273,487541,6046768,61.93
WI,f,1960-1969,20-24,0.00060,0.00301,2.44,97359,293,486045,5559227,57.10
WI,f,1960-1969,25-29,0.00064,0.00318,2.53,97066,309,484567,5073182,52.27
WI,f,1960-1969,30-34,0.00088,0.00441,2.63,96757,427,482771,4588616,47.42
WI,f,1960-1969,35-39,0.00142,0.00707,2.67,96330,682,480063,4105844,42.62
WI,f,1960-1969,40-44,0.00218,0.01087,2.71,95649,1039,475866,3625781,37.91
WI,f,1960-1969,45-49,0.00335,0.01663,2.66,94609,1573,469362,3149915,33.29
WI,f,1960-1969,50-54,0.00524,0.02586,2.65,93036,2406,459519,2680554,28.81
WI,f,1960-1969,55-59,0.00777,0.03815,2.66,90630,3457,445063,2221035,24.51
WI,f,1960-1969,60-64,0.01249,0.06065,2.65,87173,5287,423448,1775971,20.37
WI,f,1960-1969,65-69,0.02003,0.09570,2.67,81885,7837,391146,1352524,16.52
WI,f,1960-1969,70-74,0.03361,0.15583,2.67,74049,11539,343380,961377,12.98
WI,f,1960-1969,75-79,0.05666,0.24919,2.58,62509,15576,274922,617997,9.89
WI,f,1960-1969,80-84,0.09361,0.38003,2.53,46933,17836,190527,343075,7.31
WI,f,1960-1969,85-89,0.15384,0.54842,2.38,29097,15957,103725,152548,5.24
WI,f,1960-1969,90-94,0.24293,0.71945,2.17,13139,9453,38913,48823,3.72
WI,f,1960-1969,95-99,0.35612,0.85018,1.93,3686,3134,8800,9910,2.69
WI,f,1960-1969,100-104,0.48998,0.92900,1.66,552,513,1047,1109,2.01
WI,f,1960-1969,105-109,0.62627,0.96685,1.43,39,38,61,62,1.59
WI,f,1960-1969,110+,0.73074,1.00000,1.37,1,1,2,2,1.37
WI,f,1970-1979,0,0.01174,0.01161,0.09,100000,1161,98938,7744125,77.44
WI,f,1970-1979,1-4,0.00055,0.00218,1.65,98839,215,394850,7645186,77.35
WI,f,1970-1979,5-9,0.00028,0.00138,2.33,98623,137,492752,7250337,73.52
WI,f,1970-1979,10-14,0.00023,0.00115,2.65,98487,113,492169,6757584,68.61
WI,f,1970-1979,15-19,0.00053,0.00264,2.76,98374,259,491289,6265415,63.69
WI,f,1970-1979,20-24,0.00055,0.00274,2.45,98115,269,489887,5774126,58.85
WI,f,1970-1979,25-29,0.00061,0.00304,2.55,97846,297,488502,5284238,54.01
WI,f,1970-1979,30-34,0.00076,0.00378,2.73,97549,368,486911,4795736,49.16
WI,f,1970-1979,35-39,0.00123,0.00615,2.66,97181,598,484504,4308825,44.34
WI,f,1970-1979,40-44,0.00192,0.00954,2.78,96583,922,480868,3824321,39.60
WI,f,1970-1979,45-49,0.00306,0.01517,2.66,95661,1451,474912,3343453,34.95
WI,f,1970-1979,50-54,0.00462,0.02284,2.62,94210,2152,465930,2868541,30.45
WI,f,1970-1979,55-59,0.00706,0.03471,2.64,92059,3195,452759,2402612,26.10
WI,f,1970-1979,60-64,0.01096,0.05343,2.66,88864,4748,433192,1949853,21.94
WI,f,1970-1979,65-69,0.01716,0.08250,2.67,84115,6940,404395,1516661,18.03
WI,f,1970-1979,70-74,0.02694,0.12667,2.65,77176,9776,362874,1112266,14.41
WI,f,1970-1979,75-79,0.04616,0.20784,2.61,67400,14009,303463,749392,11.12
WI,f,1970-1979,80-84,0.07608,0.32104,2.57,53391,17141,225287,445929,8.35
WI,f,1970-1979,85-89,0.12520,0.47358,2.43,36251,17167,137116,220642,6.09
WI,f,1970-1979,90-94,0.19746,0.64246,2.28,19083,12260,62091,83526,4.38
WI,f,1970-1979,95-99,0.29784,0.79271,2.05,6823,5409,18159,21435,3.14
WI,f,1970-1979,100-104,0.42058,0.89499,1.79,1414,1266,3010,3275,2.32
WI,f,1970-1979,105-109,0.55434,0.95023,1.54,149,141,255,266,1.79
WI,f,1970-1979,110+,0.66241,1.00000,1.51,7,7,11,11,1.51
WI,f,1980-1989,0,0.00802,0.00796,0.08,100000,796,99264,7950386,79.50
WI,f,1980-1989,1-4,0.00043,0.00173,1.62,99204,171,396409,7851121,79.14
WI,f,1980-1989,5-9,0.00017,0.00085,2.43,99033,84,494948,7454712,75.28
WI,f,1980-1989,10-14,0.00018,0.00089,2.73,98949,88,494544,6959764,70.34
WI,f,1980-1989,15-19,0.00041,0.00207,2.7,98860,205,493831,6465220,65.40
WI,f,1980-1989,20-24,0.00044,0.00219,2.51,98656,216,492742,5971390,60.53
WI,f,1980-1989,25-29,0.00047,0.00237,2.6,98440,233,491639,5478648,55.65
WI,f,1980-1989,30-34,0.00064,0.00319,2.67,98207,313,490304,4987008,50.78
WI,f,1980-1989,35-39,0.00091,0.00456,2.7,97894,446,488442,4496704,45.93
WI,f,1980-1989,40-44,0.00144,0.00719,2.71,97448,700,485636,4008263,41.13
WI,f,1980-1989,45-49,0.00240,0.01196,2.74,96747,1157,481122,3522626,36.41
WI,f,1980-1989,50-54,0.00408,0.02020,2.67,95591,1931,473460,3041504,31.82
WI,f,1980-1989,55-59,0.00616,0.03037,2.65,93659,2844,461601,2568045,27.42
WI,f,1980-1989,60-64,0.00962,0.04703,2.65,90815,4271,444058,2106444,23.19
WI,f,1980-1989,65-69,0.01506,0.07274,2.64,86544,6295,417883,1662385,19.21
WI,f,1980-1989,70-74,0.02365,0.11197,2.64,80249,8985,379997,1244503,15.51
WI,f,1980-1989,75-79,0.03795,0.17424,2.65,71264,12417,327143,864506,12.13
WI,f,1980-1989,80-84,0.06376,0.27642,2.6,58847,16267,255120,537363,9.13
WI,f,1980-1989,85-89,0.10877,0.42704,2.49,42580,18184,167173,282243,6.63
WI,f,1980-1989,90-94,0.17789,0.60264,2.32,24397,14702,82648,115070,4.72
WI,f,1980-1989,95-99,0.27582,0.76683,2.11,9694,7434,26952,32422,3.34
WI,f,1980-1989,100-104,0.40042,0.88317,1.84,2260,1996,4985,5470,2.42
WI,f,1980-1989,105-109,0.53960,0.94636,1.57,264,250,463,485,1.84
WI,f,1980-1989,110+,0.65331,1.00000,1.53,14,14,22,22,1.53
WI,f,1990-1999,0,0.00702,0.00697,0.07,100000,697,99354,8036135,80.36
WI,f,1990-1999,1-4,0.00034,0.00134,1.57,99303,133,396888,7936781,79.92
WI,f,1990-1999,5-9,0.00017,0.00083,2.42,99170,83,495635,7539893,76.03
WI,f,1990-1999,10-14,0.00016,0.00082,2.71,99087,81,495250,7044258,71.09
WI,f,1990-1999,15-19,0.00041,0.00205,2.68,99006,203,494561,6549008,66.15
WI,f,1990-1999,20-24,0.00042,0.00209,2.47,98803,206,493494,6054448,61.28
WI,f,1990-1999,25-29,0.00046,0.00231,2.47,98597,227,492410,5560953,56.40
WI,f,1990-1999,30-34,0.00059,0.00294,2.59,98370,289,491152,5068543,51.53
WI,f,1990-1999,35-39,0.00086,0.00431,2.66,98081,423,489417,4577391,46.67
WI,f,1990-1999,40-44,0.00128,0.00638,2.71,97658,624,486860,4087974,41.86
WI,f,1990-1999,45-49,0.00205,0.01018,2.7,97035,988,482905,3601114,37.11
WI,f,1990-1999,50-54,0.00342,0.01696,2.67,96047,1629,476444,3118210,32.47
WI,f,1990-1999,55-59,0.00550,0.02714,2.69,94418,2562,466164,2641765,27.98
WI,f,1990-1999,60-64,0.00898,0.04396,2.65,91856,4038,449797,2175601,23.69
WI,f,1990-1999,65-69,0.01404,0.06795,2.65,87817,5967,425045,1725805,19.65
WI,f,1990-1999,70-74,0.02197,0.10440,2.62,81850,8545,388932,1300760,15.89
WI,f,1990-1999,75-79,0.03534,0.16304,2.63,73305,11952,338179,911828,12.44
WI,f,1990-1999,80-84,0.05982,0.26164,2.61,61354,16053,268359,573649,9.35
WI,f,1990-1999,85-89,0.10365,0.41223,2.52,45301,18674,180167,305290,6.74
WI,f,1990-1999,90-94,0.17713,0.60227,2.34,26627,16036,90537,125123,4.70
WI,f,1990-1999,95-99,0.28285,0.77682,2.1,10590,8227,29085,34586,3.27
WI,f,1990-1999,100-104,0.41750,0.89472,1.81,2364,2115,5065,5501,2.33
WI,f,1990-1999,105-109,0.56617,0.95428,1.53,249,237,419,436,1.75
WI,f,1990-1999,110+,0.68552,1.00000,1.46,11,11,17,17,1.46
WI,f,2000-2009,0,0.00605,0.00601,0.07,100000,601,99441,8121664,81.22
WI,f,2000-2009,1-4,0.00025,0.00099,1.55,99399,98,397354,8022223,80.71
WI,f,2000-2009,5-9,0.00011,0.00056,2.46,99301,55,496363,7624869,76.79
WI,f,2000-2009,10-14,0.00013,0.00064,2.83,99245,64,496089,7128507,71.83
WI,f,2000-2009,15-19,0.00036,0.00180,2.76,99182,179,495507,6632418,66.87
WI,f,2000-2009,20-24,0.00039,0.00195,2.63,99003,193,494556,6136911,61.99
WI,f,2000-2009,25-29,0.00049,0.00246,2.64,98810,243,493474,5642355,57.10
WI,f,2000-2009,30-34,0.00058,0.00289,2.65,98567,285,492164,5148881,52.24
WI,f,2000-2009,35-39,0.00093,0.00465,2.7,98282,457,490356,4656718,47.38
WI,f,2000-2009,40-44,0.00139,0.00694,2.66,97825,679,487537,4166361,42.59
WI,f,2000-2009,45-49,0.00209,0.01041,2.66,97145,1012,483359,3678824,37.87
WI,f,2000-2009,50-54,0.00310,0.01538,2.69,96134,1479,477256,3195465,33.24
WI,f,2000-2009,55-59,0.00488,0.02415,2.71,94655,2286,468042,2718208,28.72
WI,f,2000-2009,60-64,0.00797,0.03915,2.71,92369,3617,453552,2250167,24.36
WI,f,2000-2009,65-69,0.01245,0.06048,2.65,88752,5367,431168,1796614,20.24
WI,f,2000-2009,70-74,0.01995,0.09523,2.62,83385,7941,398051,1365446,16.38
WI,f,2000-2009,75-79,0.03185,0.14807,2.63,75444,11171,350750,967396,12.82
WI,f,2000-2009,80-84,0.05470,0.24215,2.63,64273,15564,284502,616646,9.59
WI,f,2000-2009,85-89,0.09931,0.39910,2.54,48709,19440,195751,332144,6.82
WI,f,2000-2009,90-94,0.17741,0.60427,2.36,29269,17687,99693,136393,4.66
WI,f,2000-2009,95-99,0.29224,0.78955,2.09,11583,9145,31293,36700,3.17
WI,f,2000-2009,100-104,0.43961,0.90809,1.77,2438,2214,5035,5407,2.22
WI,f,2000-2009,105-109,0.59942,0.96258,1.47,224,216,360,371,1.66
WI,f,2000-2009,110+,0.72406,1.00000,1.38,8,8,12,12,1.38
WI,f,2010-2019,0,0.00555,0.00552,0.07,100000,552,99486,8180657,81.81
WI,f,2010-2019,1-4,0.00021,0.00085,1.53,99448,85,397582,8081172,81.26
WI,f,2010-2019,5-9,0.00008,0.00041,2.37,99363,41,496708,7683590,77.33
WI,f,2010-2019,10-14,0.00011,0.00057,2.67,99322,57,496479,7186882,72.36
WI,f,2010-2019,15-19,0.00029,0.00146,2.68,99266,145,495993,6690403,67.40
WI,f,2010-2019,20-24,0.00042,0.00208,2.72,99121,206,495136,6194411,62.49
WI,f,2010-2019,25-29,0.00062,0.00310,2.5,98915,307,493810,5699275,57.62
WI,f,2010-2019,30-34,0.00076,0.00378,2.63,98608,373,492158,5205466,52.79
WI,f,2010-2019,35-39,0.00097,0.00482,2.65,98235,474,490064,4713308,47.98
WI,f,2010-2019,40-44,0.00138,0.00689,2.64,97762,674,487216,4223244,43.20
WI,f,2010-2019,45-49,0.00219,0.01090,2.62,97088,1058,482925,3736027,38.48
WI,f,2010-2019,50-54,0.00318,0.01578,2.65,96030,1515,476588,3253103,33.88
WI,f,2010-2019,55-59,0.00472,0.02337,2.66,94515,2208,467400,2776515,29.38
WI,f,2010-2019,60-64,0.00696,0.03424,2.65,92307,3161,454119,2309115,25.02
WI,f,2010-2019,65-69,0.01095,0.05341,2.67,89146,4761,434639,1854996,20.81
WI,f,2010-2019,70-74,0.01815,0.08705,2.65,84385,7346,404661,1420357,16.83
WI,f,2010-2019,75-79,0.02970,0.13878,2.64,77039,10692,359971,1015696,13.18
WI,f,2010-2019,80-84,0.05144,0.22917,2.62,66347,15204,295556,655724,9.88
WI,f,2010-2019,85-89,0.09388,0.38179,2.56,51143,19526,207996,360168,7.04
WI,f,2010-2019,90-94,0.16920,0.58655,2.39,31617,18545,109606,152172,4.81
WI,f,2010-2019,95-99,0.28259,0.77811,2.11,13072,10172,35995,42565,3.26
WI,f,2010-2019,100-104,0.42950,0.90285,1.79,2901,2619,6097,6571,2.27
WI,f,2010-2019,105-109,0.59084,0.96081,1.49,282,271,458,474,1.68
WI,f,2010-2019,110+,0.71766,1.00000,1.39,11,11,15,15,1.39
