PopName,Sex,Year,Age,mx,qx,ax,lx,dx,Lx,Tx,ex
VT,f,1960-1969,0,0.01964,0.01931,0.11,100000,1931,98278,7463203,74.63
VT,f,1960-1969,1-4,0.00087,0.00348,1.72,98069,341,391499,7364925,75.10
VT,f,1960-1969,5-9,0.00038,0.00192,2.23,97728,188,488121,6973425,71.36
VT,f,1960-1969,10-14,0.00023,0.00116,2.67,97541,114,487438,6485305,66.49
VT,f,1960-1969,15-19,0.00044,0.00219,2.89,97427,213,486685,5997867,61.56
VT,f,1960-1969,20-24,0.00051,0.00254,2.27,97214,247,485397,5511182,56.69
VT,f,1960-1969,25-29,0.00070,0.00352,2.6,96967,341,484019,5025785,51.83
VT,f,1960-1969,30-34,0.00087,0.00434,2.61,96626,419,482129,4541766,47.00
VT,f,1960-1969,35-39,0.00138,0.00686,2.58,96207,660,479439,4059637,42.20
VT,f,1960-1969,40-44,0.00213,0.01058,2.6,95547,1011,475307,3580198,37.47
VT,f,1960-1969,45-49,0.00396,0.01960,2.72,94536,1853,468455,3104891,32.84
VT,f,1960-1969,50-54,0.00590,0.02909,2.71,92683,2696,457244,2636436,28.45
VT,f,1960-1969,55-59,0.00876,0.04288,2.61,89987,3859,440711,2179193,24.22
VT,f,1960-1969,60-64,0.01291,0.06276,2.78,86128,5406,418661,1738482,20.18
VT,f,1960-1969,65-69,0.02079,0.09909,2.63,80722,7999,384653,1319821,16.35
VT,f,1960-1969,70-74,0.03541,0.16327,2.61,72724,11873,335273,935168,12.86
VT,f,1960-1969,75-79,0.05879,0.25732,2.58,60850,15658,266352,599894,9.86
VT,f,1960-1969,80-84,0.09327,0.37856,2.51,45192,17108,183433,333543,7.38
VT,f,1960-1969,85-89,0.15093,0.54092,2.38,28084,15191,100650,150110,5.35
VT,f,1960-1969,90-94,0.23390,0.70592,2.19,12893,9101,38910,49460,3.84
VT,f,1960-1969,95-99,0.34282,0.83817,1.95,3792,3178,9270,10550,2.78
VT,f,1960-1969,100-104,0.47087,0.92061,1.69,614,565,1200,1280,2.09
VT,f,1960-1969,105-109,0.60362,0.96217,1.46,49,47,78,80,1.65
VT,f,1960-1969,110+,0.70729,1.00000,1.41,2,2,3,3,1.41
VT,f,1970-1979,0,0.01089,0.01078,0.08,100000,1078,99012,7733560,77.34
VT,f,1970-1979,1-4,0.00052,0.00208,1.65,98922,206,395203,7634548,77.18
VT,f,1970-1979,5-9,0.00031,0.00156,2.42,98716,154,493181,7239346,73.34
VT,f,1970-1979,10-14,0.00021,0.00103,2.72,98562,101,492577,6746165,68.45
VT,f,1970-1979,15-19,0.00050,0.00249,2.58,98460,245,491710,6253588,63.51
VT,f,1970-1979,20-24,0.00049,0.00246,2.46,98215,242,490463,5761878,58.67
VT,f,1970-1979,25-29,0.00054,0.00269,2.39,97974,264,489178,5271415,53.80
VT,f,1970-1979,30-34,0.00068,0.00338,2.89,97710,331,487849,4782237,48.94
VT,f,1970-1979,35-39,0.00102,0.00507,2.71,97379,493,485763,4294388,44.10
VT,f,1970-1979,40-44,0.00195,0.00972,2.68,96885,941,482240,3808625,39.31
VT,f,1970-1979,45-49,0.00354,0.01756,2.74,95944,1685,475919,3326385,34.67
VT,f,1970-1979,50-54,0.00494,0.02444,2.66,94259,2303,465910,2850466,30.24
VT,f,1970-1979,55-59,0.00733,0.03603,2.64,91956,3313,451952,2384556,25.93
VT,f,1970-1979,60-64,0.01192,0.05796,2.63,88643,5137,431037,1932604,21.80
VT,f,1970-1979,65-69,0.01816,0.08717,2.71,83505,7279,400840,1501567,17.98
VT,f,1970-1979,70-74,0.02838,0.13329,2.72,76226,10160,357964,1100726,14.44
VT,f,1970-1979,75-79,0.04770,0.21423,2.63,66066,14154,296751,742763,11.24
VT,f,1970-1979,80-84,0.07166,0.30517,2.57,51913,15842,221071,446011,8.59
VT,f,1970-1979,85-89,0.11991,0.45958,2.46,36070,16577,138241,224940,6.24
VT,f,1970-1979,90-94,0.19287,0.63344,2.29,19493,12348,64022,86699,4.45
VT,f,1970-1979,95-99,0.29393,0.78865,2.06,7146,5635,19172,22677,3.17
VT,f,1970-1979,100-104,0.41946,0.89470,1.8,1510,1351,3221,3504,2.32
VT,f,1970-1979,105-109,0.55674,0.95111,1.54,159,151,272,283,1.78
VT,f,1970-1979,110+,0.66754,1.00000,1.5,8,8,12,12,1.50
VT,f,1980-1989,0,0.00790,0.00784,0.08,100000,784,99275,7888677,78.89
VT,f,1980-1989,1-4,0.00045,0.00179,1.55,99216,177,396429,7789402,78.51
VT,f,1980-1989,5-9,0.00015,0.00077,2.76,99038,76,495022,7392973,74.65
VT,f,1980-1989,10-14,0.00027,0.00133,2.64,98962,132,494500,6897951,69.70
VT,f,1980-1989,15-19,0.00042,0.00210,2.39,98830,208,493608,6403451,64.79
VT,f,1980-1989,20-24,0.00049,0.00243,2.68,98623,240,492555,5909843,59.92
VT,f,1980-1989,25-29,0.00047,0.00235,2.39,98382,231,491311,5417289,55.06
VT,f,1980-1989,30-34,0.00055,0.00276,2.77,98152,271,490154,4925978,50.19
VT,f,1980-1989,35-39,0.00084,0.00421,2.59,97881,412,488410,4435824,45.32
VT,f,1980-1989,40-44,0.00149,0.00744,2.59,97469,725,485599,3947414,40.50
VT,f,1980-1989,45-49,0.00247,0.01229,2.77,96744,1189,481071,3461815,35.78
VT,f,1980-1989,50-54,0.00443,0.02193,2.66,95555,2096,472868,2980744,31.19
VT,f,1980-1989,55-59,0.00691,0.03400,2.75,93459,3177,460161,2507875,26.83
VT,f,1980-1989,60-64,0.01072,0.05229,2.69,90282,4721,440520,2047715,22.68
VT,f,1980-1989,65-69,0.01699,0.08160,2.58,85561,6982,410925,1607195,18.78
VT,f,1980-1989,70-74,0.02592,0.12198,2.59,78579,9585,369815,1196270,15.22
VT,f,1980-1989,75-79,0.04129,0.18792,2.61,68994,12965,314028,826455,11.98
VT,f,1980-1989,80-84,0.06371,0.27619,2.59,56029,15475,242884,512427,9.15
VT,f,1980-1989,85-89,0.10832,0.42584,2.49,40554,17270,159425,269543,6.65
VT,f,1980-1989,90-94,0.17727,0.60166,2.33,23284,14009,79027,110118,4.73
VT,f,1980-1989,95-99,0.27507,0.76586,2.11,9275,7103,25824,31092,3.35
VT,f,1980-1989,100-104,0.39942,0.88250,1.84,2172,1916,4798,5268,2.43
VT,f,1980-1989,105-109,0.53845,0.94600,1.57,255,241,448,469,1.84
VT,f,1980-1989,110+,0.65212,1.00000,1.53,14,14,21,21,1.53
VT,f,1990-1999,0,0.00629,0.00625,0.07,100000,625,99419,8027232,80.27
VT,f,1990-1999,1-4,0.00028,0.00112,1.54,99375,111,397224,7927813,79.78
VT,f,1990-1999,5-9,0.00015,0.00074,2.52,99263,73,496134,7530589,75.86
VT,f,1990-1999,10-14,0.00018,0.00090,3.15,99190,89,495785,7034455,70.92
VT,f,1990-1999,15-19,0.00037,0.00184,2.85,99101,183,495111,6538671,65.98
VT,f,1990-1999,20-24,0.00032,0.00160,2.47,98918,158,494190,6043560,61.10
VT,f,1990-1999,25-29,0.00035,0.00177,2.7,98760,175,493396,5549370,56.19
VT,f,1990-1999,30-34,0.00053,0.00263,2.69,98585,259,492325,5055973,51.29
VT,f,1990-1999,35-39,0.00076,0.00379,2.56,98326,373,490719,4563649,46.41
VT,f,1990-1999,40-44,0.00121,0.00604,2.68,97953,591,488392,4072930,41.58
VT,f,1990-1999,45-49,0.00194,0.00968,2.69,97362,943,484627,3584538,36.82
VT,f,1990-1999,50-54,0.00330,0.01639,2.65,96419,1581,478384,3099911,32.15
VT,f,1990-1999,55-59,0.00572,0.02824,2.78,94838,2678,468252,2621527,27.64
VT,f,1990-1999,60-64,0.00937,0.04583,2.65,92160,4224,450888,2153274,23.36
VT,f,1990-1999,65-69,0.01463,0.07078,2.69,87936,6224,425334,1702387,19.36
VT,f,1990-1999,70-74,0.02427,0.11480,2.64,81712,9380,386419,1277052,15.63
VT,f,1990-1999,75-79,0.03806,0.17463,2.64,72332,12631,331894,890634,12.31
VT,f,1990-1999,80-84,0.05854,0.25697,2.62,59701,15341,262054,558740,9.36
VT,f,1990-1999,85-89,0.10472,0.41557,2.52,44360,18434,176029,296686,6.69
VT,f,1990-1999,90-94,0.17911,0.60678,2.34,25925,15731,87827,120656,4.65
VT,f,1990-1999,95-99,0.28737,0.78270,2.09,10194,7979,27766,32829,3.22
VT,f,1990-1999,100-104,0.42572,0.89976,1.79,2215,1993,4682,5064,2.29
VT,f,1990-1999,105-109,0.57739,0.95722,1.51,222,213,368,382,1.72
VT,f,1990-1999,110+,0.69807,1.00000,1.43,9,9,14,14,1.43
VT,f,2000-2009,0,0.00476,0.00474,0.07,100000,474,99557,8132140,81.32
VT,f,2000-2009,1-4,0.00023,0.00093,1.64,99526,93,397885,8032582,80.71
VT,f,2000-2009,5-9,0.00014,0.00072,2.89,99433,71,497015,7634697,76.78
VT,f,2000-2009,10-14,0.00014,0.00068,2.5,99362,67,496641,7137682,71.84
VT,f,2000-2009,15-19,0.00038,0.00189,2.6,99295,187,496024,6641041,66.88
VT,f,2000-2009,20-24,0.00038,0.00192,2.53,99107,191,495066,6145017,62.00
VT,f,2000-2009,25-29,0.00051,0.00257,2.55,98917,254,493961,5649951,57.12
VT,f,2000-2009,30-34,0.00058,0.00288,2.49,98663,285,492601,5155990,52.26
VT,f,2000-2009,35-39,0.00082,0.00409,2.65,98378,403,490945,4663390,47.40
VT,f,2000-2009,40-44,0.00125,0.00622,2.54,97975,610,488381,4172445,42.59
VT,f,2000-2009,45-49,0.00218,0.01084,2.7,97366,1056,484401,3684064,37.84
VT,f,2000-2009,50-54,0.00297,0.01477,2.68,96310,1422,478245,3199663,33.22
VT,f,2000-2009,55-59,0.00434,0.02147,2.67,94888,2037,469694,2721418,28.68
VT,f,2000-2009,60-64,0.00756,0.03715,2.74,92851,3449,456451,2251725,24.25
VT,f,2000-2009,65-69,0.01258,0.06112,2.67,89402,5464,434295,1795273,20.08
VT,f,2000-2009,70-74,0.01996,0.09524,2.61,83938,7994,400569,1360979,16.21
VT,f,2000-2009,75-79,0.03502,0.16171,2.63,75943,12281,350651,960410,12.65
VT,f,2000-2009,80-84,0.05504,0.24356,2.64,63663,15506,281724,609759,9.58
VT,f,2000-2009,85-89,0.10068,0.40329,2.53,48157,19421,192898,328035,6.81
VT,f,2000-2009,90-94,0.17576,0.60008,2.36,28736,17244,98111,135137,4.70
VT,f,2000-2009,95-99,0.28673,0.78254,2.1,11492,8993,31364,37026,3.22
VT,f,2000-2009,100-104,0.42967,0.90244,1.79,2499,2255,5249,5662,2.27
VT,f,2000-2009,105-109,0.58615,0.95952,1.5,244,234,399,413,1.69
VT,f,2000-2009,110+,0.70971,1.00000,1.41,10,10,14,14,1.41
VT,f,2010-2019,0,0.00363,0.00362,0.06,100000,362,99661,8223526,82.24
VT,f,2010-2019,1-4,0.00014,0.00058,1.42,99638,57,398404,8123865,81.53
VT,f,2010-2019,5-9,0.00005,0.00025,2.34,99581,25,497837,7725461,77.58
VT,f,2010-2019,10-14,0.00008,0.00040,3.63,99556,40,497723,7227624,72.60
VT,f,2010-2019,15-19,0.00020,0.00100,2.46,99515,99,497325,6729901,67.63
VT,f,2010-2019,20-24,0.00043,0.00213,2.72,99416,212,496599,6232576,62.69
VT,f,2010-2019,25-29,0.00068,0.00340,2.65,99204,338,495229,5735977,57.82
VT,f,2010-2019,30-34,0.00079,0.00396,2.51,98867,392,493359,5240748,53.01
VT,f,2010-2019,35-39,0.00096,0.00478,2.57,98475,470,491234,4747389,48.21
VT,f,2010-2019,40-44,0.00146,0.00726,2.69,98005,712,488380,4256155,43.43
VT,f,2010-2019,45-49,0.00191,0.00951,2.72,97293,925,484356,3767775,38.73
VT,f,2010-2019,50-54,0.00307,0.01523,2.64,96368,1468,478379,3283418,34.07
VT,f,2010-2019,55-59,0.00445,0.02203,2.6,94900,2090,469488,2805040,29.56
VT,f,2010-2019,60-64,0.00646,0.03182,2.63,92810,2953,457044,2335551,25.16
VT,f,2010-2019,65-69,0.00998,0.04878,2.68,89857,4383,439126,1878508,20.91
VT,f,2010-2019,70-74,0.01747,0.08390,2.65,85474,7171,410535,1439381,16.84
VT,f,2010-2019,75-79,0.02997,0.14005,2.67,78302,10966,365921,1028846,13.14
VT,f,2010-2019,80-84,0.05003,0.22402,2.67,67336,15085,301536,662924,9.85
VT,f,2010-2019,85-89,0.09600,0.38899,2.56,52252,20325,211717,361388,6.92
VT,f,2010-2019,90-94,0.17478,0.59904,2.37,31926,19125,109425,149671,4.69
VT,f,2010-2019,95-99,0.29432,0.79292,2.09,12801,10150,34487,40246,3.14
VT,f,2010-2019,100-104,0.44931,0.91367,1.75,2651,2422,5390,5760,2.17
VT,f,2010-2019,105-109,0.61609,0.96623,1.45,229,221,359,369,1.61
VT,f,2010-2019,110+,0.74386,1.00000,1.34,8,8,10,10,1.34
