PopName,Sex,Year,Age,mx,qx,ax,lx,dx,Lx,Tx,ex
KS,f,1960-1969,0,0.01787,0.01758,0.1,100000,1758,98423,7587282,75.87
KS,f,1960-1969,1-4,0.00079,0.00314,1.59,98242,309,392223,7488859,76.23
KS,f,1960-1969,5-9,0.00033,0.00166,2.15,97933,162,489201,7096635,72.46
KS,f,1960-1969,10-14,0.00032,0.00158,2.6,97770,155,488482,6607434,67.58
KS,f,1960-1969,15-19,0.00062,0.00309,2.76,97616,302,487402,6118952,62.68
KS,f,1960-1969,20-24,0.00073,0.00365,2.41,97314,355,485650,5631550,57.87
KS,f,1960-1969,25-29,0.00078,0.00390,2.54,96959,379,483861,5145900,53.07
KS,f,1960-1969,30-34,0.00098,0.00490,2.62,96580,473,481773,4662039,48.27
KS,f,1960-1969,35-39,0.00147,0.00731,2.62,96107,702,478863,4180266,43.50
KS,f,1960-1969,40-44,0.00220,0.01097,2.64,95404,1046,474553,3701403,38.80
KS,f,1960-1969,45-49,0.00326,0.01617,2.64,94358,1526,468191,3226849,34.20
KS,f,1960-1969,50-54,0.00498,0.02460,2.59,92833,2284,458666,2758659,29.72
KS,f,1960-1969,55-59,0.00706,0.03471,2.66,90549,3143,445374,2299992,25.40
KS,f,1960-1969,60-64,0.01091,0.05321,2.67,87406,4651,426197,1854618,21.22
KS,f,1960-1969,65-69,0.01694,0.08143,2.63,82755,6739,397824,1428421,17.26
KS,f,1960-1969,70-74,0.02946,0.13781,2.67,76016,10476,355637,1030597,13.56
KS,f,1960-1969,75-79,0.05026,0.22441,2.62,65540,14708,292657,674960,10.30
KS,f,1960-1969,80-84,0.08874,0.36460,2.56,50832,18533,208853,382303,7.52
KS,f,1960-1969,85-89,0.14836,0.53535,2.4,32299,17291,116549,173450,5.37
KS,f,1960-1969,90-94,0.23663,0.70994,2.18,15008,10655,45026,56901,3.79
KS,f,1960-1969,95-99,0.35010,0.84538,1.94,4353,3680,10511,11874,2.73
KS,f,1960-1969,100-104,0.48579,0.92751,1.67,673,624,1285,1363,2.02
KS,f,1960-1969,105-109,0.62460,0.96664,1.43,49,47,76,78,1.59
KS,f,1960-1969,110+,0.73105,1.00000,1.37,2,2,2,2,1.37
KS,f,1970-1979,0,0.01372,0.01355,0.09,100000,1355,98769,7758631,77.59
KS,f,1970-1979,1-4,0.00067,0.00269,1.67,98645,266,393959,7659862,77.65
KS,f,1970-1979,5-9,0.00030,0.00151,2.54,98379,149,491529,7265903,73.86
KS,f,1970-1979,10-14,0.00026,0.00131,2.8,98230,129,490868,6774374,68.96
KS,f,1970-1979,15-19,0.00056,0.00280,2.75,98101,275,489889,6283507,64.05
KS,f,1970-1979,20-24,0.00060,0.00300,2.52,97827,294,488403,5793618,59.22
KS,f,1970-1979,25-29,0.00068,0.00338,2.52,97533,330,486847,5305214,54.39
KS,f,1970-1979,30-34,0.00080,0.00398,2.72,97203,387,485130,4818368,49.57
KS,f,1970-1979,35-39,0.00126,0.00626,2.65,96815,606,482653,4333237,44.76
KS,f,1970-1979,40-44,0.00209,0.01039,2.65,96209,1000,478698,3850585,40.02
KS,f,1970-1979,45-49,0.00305,0.01514,2.72,95209,1441,472757,3371886,35.42
KS,f,1970-1979,50-54,0.00454,0.02248,2.62,93768,2107,463818,2899130,30.92
KS,f,1970-1979,55-59,0.00667,0.03282,2.65,91660,3009,451217,2435312,26.57
KS,f,1970-1979,60-64,0.01041,0.05078,2.64,88652,4502,432626,1984095,22.38
KS,f,1970-1979,65-69,0.01577,0.07601,2.65,84150,6397,405688,1551469,18.44
KS,f,1970-1979,70-74,0.02474,0.11694,2.67,77753,9092,367541,1145781,14.74
KS,f,1970-1979,75-79,0.04296,0.19483,2.62,68661,13377,311411,778240,11.33
KS,f,1970-1979,80-84,0.07289,0.30944,2.56,55284,17107,234702,466828,8.44
KS,f,1970-1979,85-89,0.12410,0.47174,2.46,38177,18009,145123,232127,6.08
KS,f,1970-1979,90-94,0.20039,0.64795,2.27,20167,13067,65209,87003,4.31
KS,f,1970-1979,95-99,0.30541,0.80195,2.04,7100,5694,18643,21795,3.07
KS,f,1970-1979,100-104,0.43548,0.90397,1.77,1406,1271,2919,3152,2.24
KS,f,1970-1979,105-109,0.57565,0.95616,1.51,135,129,224,233,1.72
KS,f,1970-1979,110+,0.68730,1.00000,1.45,6,6,9,9,1.45
KS,f,1980-1989,0,0.00847,0.00840,0.08,100000,840,99224,7944510,79.45
KS,f,1980-1989,1-4,0.00055,0.00222,1.6,99160,220,396112,7845285,79.12
KS,f,1980-1989,5-9,0.00023,0.00113,2.22,98940,112,494390,7449174,75.29
KS,f,1980-1989,10-14,0.00019,0.00094,2.85,98829,93,493942,6954784,70.37
KS,f,1980-1989,15-19,0.00052,0.00259,2.75,98735,256,493100,6460842,65.44
KS,f,1980-1989,20-24,0.00053,0.00265,2.58,98479,261,491764,5967742,60.60
KS,f,1980-1989,25-29,0.00058,0.00290,2.61,98218,285,490412,5475978,55.75
KS,f,1980-1989,30-34,0.00068,0.00341,2.6,97933,334,488865,4985566,50.91
KS,f,1980-1989,35-39,0.00098,0.00488,2.71,97599,477,486907,4496700,46.07
KS,f,1980-1989,40-44,0.00159,0.00791,2.74,97123,769,483878,4009793,41.29
KS,f,1980-1989,45-49,0.00239,0.01186,2.63,96354,1143,479062,3525915,36.59
KS,f,1980-1989,50-54,0.00407,0.02016,2.68,95211,1919,471594,3046852,32.00
KS,f,1980-1989,55-59,0.00641,0.03159,2.64,93292,2947,459502,2575259,27.60
KS,f,1980-1989,60-64,0.00991,0.04842,2.67,90345,4374,441517,2115756,23.42
KS,f,1980-1989,65-69,0.01473,0.07118,2.65,85970,6119,415453,1674239,19.47
KS,f,1980-1989,70-74,0.02267,0.10762,2.65,79851,8593,379055,1258786,15.76
KS,f,1980-1989,75-79,0.03579,0.16478,2.6,71258,11742,328051,879731,12.35
KS,f,1980-1989,80-84,0.06168,0.26825,2.57,59516,15965,258836,551680,9.27
KS,f,1980-1989,85-89,0.10573,0.41824,2.5,43551,18215,172270,292844,6.72
KS,f,1980-1989,90-94,0.17528,0.59794,2.34,25336,15149,86430,120573,4.76
KS,f,1980-1989,95-99,0.27482,0.76586,2.11,10187,7802,28388,34143,3.35
KS,f,1980-1989,100-104,0.40158,0.88418,1.84,2385,2109,5251,5755,2.41
KS,f,1980-1989,105-109,0.54326,0.94760,1.56,276,262,482,504,1.82
KS,f,1980-1989,110+,0.65881,1.00000,1.52,14,14,22,22,1.52
KS,f,1990-1999,0,0.00732,0.00727,0.07,100000,727,99326,8008423,80.08
KS,f,1990-1999,1-4,0.00036,0.00144,1.62,99273,143,396750,7909097,79.67
KS,f,1990-1999,5-9,0.00015,0.00077,2.21,99129,77,495433,7512347,75.78
KS,f,1990-1999,10-14,0.00021,0.00104,2.93,99053,103,495051,7016914,70.84
KS,f,1990-1999,15-19,0.00051,0.00252,2.63,98950,250,494158,6521863,65.91
KS,f,1990-1999,20-24,0.00050,0.00248,2.55,98700,244,492902,6027705,61.07
KS,f,1990-1999,25-29,0.00055,0.00275,2.64,98456,270,491640,5534804,56.22
KS,f,1990-1999,30-34,0.00068,0.00341,2.55,98185,335,490106,5043163,51.36
KS,f,1990-1999,35-39,0.00096,0.00481,2.69,97851,471,488163,4553057,46.53
KS,f,1990-1999,40-44,0.00135,0.00674,2.63,97380,656,485341,4064894,41.74
KS,f,1990-1999,45-49,0.00228,0.01134,2.67,96724,1097,481066,3579552,37.01
KS,f,1990-1999,50-54,0.00364,0.01805,2.62,95627,1726,474025,3098486,32.40
KS,f,1990-1999,55-59,0.00588,0.02901,2.64,93900,2724,463077,2624461,27.95
KS,f,1990-1999,60-64,0.00951,0.04650,2.64,91176,4240,445855,2161384,23.71
KS,f,1990-1999,65-69,0.01431,0.06924,2.66,86937,6019,420590,1715529,19.73
KS,f,1990-1999,70-74,0.02242,0.10641,2.62,80918,8610,384132,1294939,16.00
KS,f,1990-1999,75-79,0.03449,0.15941,2.62,72307,11526,334146,910807,12.60
KS,f,1990-1999,80-84,0.05825,0.25553,2.6,60781,15531,266631,576661,9.49
KS,f,1990-1999,85-89,0.10082,0.40302,2.51,45250,18236,180882,310030,6.85
KS,f,1990-1999,90-94,0.17330,0.59366,2.35,27013,16037,92539,129148,4.78
KS,f,1990-1999,95-99,0.27583,0.76788,2.11,10976,8429,30557,36610,3.34
KS,f,1990-1999,100-104,0.40824,0.88901,1.83,2548,2265,5549,6053,2.38
KS,f,1990-1999,105-109,0.55581,0.95150,1.54,283,269,484,504,1.78
KS,f,1990-1999,110+,0.67522,1.00000,1.48,14,14,20,20,1.48
KS,f,2000-2009,0,0.00657,0.00653,0.07,100000,653,99393,8022508,80.23
KS,f,2000-2009,1-4,0.00031,0.00124,1.4,99347,124,397065,7923114,79.75
KS,f,2000-2009,5-9,0.00013,0.00063,2.39,99223,62,495953,7526049,75.85
KS,f,2000-2009,10-14,0.00016,0.00079,2.71,99161,79,495624,7030096,70.90
KS,f,2000-2009,15-19,0.00043,0.00213,2.71,99082,211,494927,6534472,65.95
KS,f,2000-2009,20-24,0.00046,0.00232,2.63,98871,229,493812,6039545,61.08
KS,f,2000-2009,25-29,0.00053,0.00265,2.61,98642,261,492584,5545733,56.22
KS,f,2000-2009,30-34,0.00067,0.00334,2.6,98380,329,491114,5053149,51.36
KS,f,2000-2009,35-39,0.00104,0.00517,2.64,98052,507,489064,4562035,46.53
KS,f,2000-2009,40-44,0.00173,0.00863,2.71,97545,842,485799,4072971,41.75
KS,f,2000-2009,45-49,0.00254,0.01261,2.7,96703,1219,480706,3587172,37.09
KS,f,2000-2009,50-54,0.00358,0.01774,2.64,95484,1694,473420,3106466,32.53
KS,f,2000-2009,55-59,0.00553,0.02731,2.65,93790,2562,462922,2633045,28.07
KS,f,2000-2009,60-64,0.00870,0.04264,2.65,91228,3890,446985,2170123,23.79
KS,f,2000-2009,65-69,0.01382,0.06692,2.65,87338,5845,422944,1723138,19.73
KS,f,2000-2009,70-74,0.02175,0.10348,2.65,81493,8433,387690,1300194,15.95
KS,f,2000-2009,75-79,0.03490,0.16102,2.6,73061,11764,337098,912504,12.49
KS,f,2000-2009,80-84,0.05845,0.25642,2.61,61296,15718,268902,575406,9.39
KS,f,2000-2009,85-89,0.10247,0.40899,2.53,45579,18641,181918,306504,6.72
KS,f,2000-2009,90-94,0.17991,0.60932,2.35,26938,16414,91234,124586,4.62
KS,f,2000-2009,95-99,0.29262,0.78938,2.08,10524,8307,28390,33352,3.17
KS,f,2000-2009,100-104,0.43537,0.90539,1.77,2217,2007,4610,4962,2.24
KS,f,2000-2009,105-109,0.59052,0.96043,1.49,210,201,341,353,1.68
KS,f,2000-2009,110+,0.71257,1.00000,1.4,8,8,12,12,1.40
KS,f,2010-2019,0,0.00553,0.00550,0.07,100000,550,99488,8088401,80.88
KS,f,2010-2019,1-4,0.00023,0.00092,1.42,99450,91,397566,7988913,80.33
KS,f,2010-2019,5-9,0.00016,0.00079,2.44,99359,79,496594,7591347,76.40
KS,f,2010-2019,10-14,0.00013,0.00066,2.76,99280,66,496255,7094753,71.46
KS,f,2010-2019,15-19,0.00035,0.00174,2.74,99215,173,495683,6598498,66.51
KS,f,2010-2019,20-24,0.00041,0.00207,2.6,99042,205,494717,6102815,61.62
KS,f,2010-2019,25-29,0.00061,0.00305,2.67,98837,301,493482,5608097,56.74
KS,f,2010-2019,30-34,0.00081,0.00405,2.53,98536,399,491692,5114615,51.91
KS,f,2010-2019,35-39,0.00113,0.00564,2.57,98137,553,489342,4622923,47.11
KS,f,2010-2019,40-44,0.00166,0.00828,2.65,97583,808,486018,4133581,42.36
KS,f,2010-2019,45-49,0.00252,0.01253,2.67,96776,1213,481050,3647564,37.69
KS,f,2010-2019,50-54,0.00388,0.01921,2.66,95562,1835,473522,3166514,33.14
KS,f,2010-2019,55-59,0.00563,0.02780,2.62,93727,2605,462448,2692991,28.73
KS,f,2010-2019,60-64,0.00840,0.04117,2.64,91122,3751,446769,2230544,24.48
KS,f,2010-2019,65-69,0.01238,0.06014,2.64,87371,5254,424443,1783775,20.42
KS,f,2010-2019,70-74,0.02009,0.09589,2.63,82116,7874,391927,1359331,16.55
KS,f,2010-2019,75-79,0.03270,0.15176,2.63,74242,11267,344565,967404,13.03
KS,f,2010-2019,80-84,0.05255,0.23336,2.6,62976,14696,279677,622840,9.89
KS,f,2010-2019,85-89,0.09379,0.38118,2.54,48280,18403,196207,343162,7.11
KS,f,2010-2019,90-94,0.16511,0.57668,2.39,29876,17229,104352,146955,4.92
KS,f,2010-2019,95-99,0.27174,0.76349,2.13,12647,9656,35534,42603,3.37
KS,f,2010-2019,100-104,0.41024,0.89102,1.83,2991,2665,6497,7069,2.36
KS,f,2010-2019,105-109,0.56508,0.95437,1.53,326,311,551,572,1.76
KS,f,2010-2019,110+,0.68958,1.00000,1.45,15,15,22,22,1.45
