PopName,Sex,Year,Age,mx,qx,ax,lx,dx,Lx,Tx,ex
WV,b,1960-1969,0,0.02567,0.02511,0.12,100000,2511,97790,6950445,69.50
WV,b,1960-1969,1-4,0.00102,0.00405,1.66,97489,395,389032,6852655,70.29
WV,b,1960-1969,5-9,0.00047,0.00235,2.31,97094,228,484856,6463623,66.57
WV,b,1960-1969,10-14,0.00048,0.00241,2.72,96866,233,483798,5978767,61.72
WV,b,1960-1969,15-19,0.00105,0.00525,2.78,96633,507,482037,5494968,56.86
WV,b,1960-1969,20-24,0.00140,0.00698,2.48,96126,671,478937,5012931,52.15
WV,b,1960-1969,25-29,0.00141,0.00701,2.52,95454,670,475610,4533994,47.50
WV,b,1960-1969,30-34,0.00180,0.00895,2.6,94785,848,471890,4058384,42.82
WV,b,1960-1969,35-39,0.00263,0.01308,2.68,93937,1229,466836,3586494,38.18
WV,b,1960-1969,40-44,0.00403,0.01999,2.73,92708,1853,459334,3119659,33.65
WV,b,1960-1969,45-49,0.00645,0.03177,2.66,90855,2886,447520,2660325,29.28
WV,b,1960-1969,50-54,0.00968,0.04732,2.67,87968,4163,430127,2212804,25.15
WV,b,1960-1969,55-59,0.01451,0.07015,2.63,83806,5879,405093,1782677,21.27
WV,b,1960-1969,60-64,0.02135,0.10162,2.65,77927,7919,370991,1377585,17.68
WV,b,1960-1969,65-69,0.03169,0.14714,2.58,70008,10301,325074,1006594,14.38
WV,b,1960-1969,70-74,0.04760,0.21358,2.6,59707,12752,267924,681520,11.41
WV,b,1960-1969,75-79,0.07204,0.30589,2.54,46954,14363,199374,413596,8.81
WV,b,1960-1969,80-84,0.11296,0.43914,2.47,32592,14312,126699,214222,6.57
WV,b,1960-1969,85-89,0.17876,0.60286,2.3,18279,11020,61647,87523,4.79
WV,b,1960-1969,90-94,0.25757,0.74008,2.13,7259,5373,20859,25876,3.56
WV,b,1960-1969,95-99,0.36172,0.85298,1.9,1887,1609,4449,5017,2.66
WV,b,1960-1969,100-104,0.48078,0.92399,1.67,277,256,533,568,2.05
WV,b,1960-1969,105-109,0.60284,0.96150,1.46,21,20,34,35,1.65
WV,b,1960-1969,110+,0.69848,1.00000,1.43,1,1,1,1,1.43
WV,b,1970-1979,0,0.01861,0.01830,0.1,100000,1830,98353,7081212,70.81
WV,b,1970-1979,1-4,0.00074,0.00294,1.69,98170,288,392015,6982860,71.13
WV,b,1970-1979,5-9,0.00039,0.00194,2.43,97882,190,488920,6590844,67.33
WV,b,1970-1979,10-14,0.00040,0.00201,2.68,97691,197,488002,6101924,62.46
WV,b,1970-1979,15-19,0.00110,0.00548,2.85,97495,534,486327,5613922,57.58
WV,b,1970-1979,20-24,0.00140,0.00696,2.51,96960,675,483119,5127595,52.88
WV,b,1970-1979,25-29,0.00144,0.00719,2.55,96286,692,479734,4644476,48.24
WV,b,1970-1979,30-34,0.00164,0.00815,2.55,95594,779,476057,4164742,43.57
WV,b,1970-1979,35-39,0.00236,0.01176,2.68,94814,1115,471484,3688685,38.90
WV,b,1970-1979,40-44,0.00381,0.01890,2.72,93699,1771,464467,3217201,34.34
WV,b,1970-1979,45-49,0.00600,0.02957,2.67,91929,2718,453317,2752733,29.94
WV,b,1970-1979,50-54,0.00933,0.04565,2.67,89210,4073,436570,2299416,25.78
WV,b,1970-1979,55-59,0.01401,0.06783,2.64,85138,5775,412075,1862846,21.88
WV,b,1970-1979,60-64,0.02102,0.10010,2.61,79363,7944,377865,1450771,18.28
WV,b,1970-1979,65-69,0.02985,0.13922,2.59,71419,9943,333104,1072906,15.02
WV,b,1970-1979,70-74,0.04464,0.20129,2.56,61476,12374,277189,739802,12.03
WV,b,1970-1979,75-79,0.06565,0.28276,2.55,49102,13884,211492,462614,9.42
WV,b,1970-1979,80-84,0.10184,0.40533,2.48,35218,14275,140169,251122,7.13
WV,b,1970-1979,85-89,0.15607,0.55264,2.36,20943,11574,74160,110952,5.30
WV,b,1970-1979,90-94,0.22921,0.69670,2.19,9369,6527,28477,36792,3.93
WV,b,1970-1979,95-99,0.32483,0.81966,1.98,2842,2329,7170,8315,2.93
WV,b,1970-1979,100-104,0.43815,0.90353,1.75,512,463,1057,1144,2.23
WV,b,1970-1979,105-109,0.55949,0.95092,1.53,49,47,84,88,1.77
WV,b,1970-1979,110+,0.65758,1.00000,1.52,2,2,4,4,1.52
WV,b,1980-1989,0,0.01077,0.01066,0.08,100000,1066,99017,7355354,73.55
WV,b,1980-1989,1-4,0.00053,0.00213,1.64,98934,211,395238,7256337,73.35
WV,b,1980-1989,5-9,0.00024,0.00122,2.49,98723,120,493313,6861099,69.50
WV,b,1980-1989,10-14,0.00029,0.00145,2.85,98603,143,492705,6367785,64.58
WV,b,1980-1989,15-19,0.00096,0.00478,2.88,98459,470,491301,5875080,59.67
WV,b,1980-1989,20-24,0.00118,0.00590,2.51,97989,578,488506,5383779,54.94
WV,b,1980-1989,25-29,0.00121,0.00605,2.51,97411,590,485588,4895273,50.25
WV,b,1980-1989,30-34,0.00135,0.00674,2.56,96821,652,482513,4409685,45.54
WV,b,1980-1989,35-39,0.00179,0.00890,2.6,96169,856,478790,3927173,40.84
WV,b,1980-1989,40-44,0.00278,0.01380,2.69,95313,1316,473524,3448383,36.18
WV,b,1980-1989,45-49,0.00447,0.02213,2.69,93997,2081,465183,2974859,31.65
WV,b,1980-1989,50-54,0.00728,0.03577,2.63,91917,3288,451803,2509675,27.30
WV,b,1980-1989,55-59,0.01135,0.05529,2.65,88629,4900,431633,2057872,23.22
WV,b,1980-1989,60-64,0.01791,0.08590,2.63,83729,7192,401608,1626240,19.42
WV,b,1980-1989,65-69,0.02684,0.12601,2.58,76537,9645,359385,1224632,16.00
WV,b,1980-1989,70-74,0.03900,0.17822,2.59,66892,11921,305678,865246,12.93
WV,b,1980-1989,75-79,0.05726,0.25092,2.54,54971,13793,240869,559568,10.18
WV,b,1980-1989,80-84,0.09054,0.36870,2.48,41178,15182,167684,318700,7.74
WV,b,1980-1989,85-89,0.13744,0.50552,2.38,25995,13141,95611,151015,5.81
WV,b,1980-1989,90-94,0.20437,0.65320,2.24,12854,8396,41084,55404,4.31
WV,b,1980-1989,95-99,0.29185,0.78379,2.05,4458,3494,11972,14321,3.21
WV,b,1980-1989,100-104,0.39867,0.87978,1.83,964,848,2127,2349,2.44
WV,b,1980-1989,105-109,0.51735,0.93783,1.6,116,109,210,222,1.91
WV,b,1980-1989,110+,0.61561,1.00000,1.62,7,7,12,12,1.62
WV,b,1990-1999,0,0.00853,0.00847,0.07,100000,847,99214,7463274,74.63
WV,b,1990-1999,1-4,0.00040,0.00159,1.71,99153,158,396251,7364060,74.27
WV,b,1990-1999,5-9,0.00022,0.00108,2.41,98995,107,494699,6967809,70.39
WV,b,1990-1999,10-14,0.00025,0.00127,2.89,98888,126,494177,6473110,65.46
WV,b,1990-1999,15-19,0.00083,0.00415,2.82,98763,409,492922,5978933,60.54
WV,b,1990-1999,20-24,0.00100,0.00501,2.45,98353,493,490509,5486011,55.78
WV,b,1990-1999,25-29,0.00129,0.00645,2.63,97860,631,487805,4995502,51.05
WV,b,1990-1999,30-34,0.00153,0.00763,2.57,97229,741,484343,4507697,46.36
WV,b,1990-1999,35-39,0.00179,0.00890,2.58,96487,858,480363,4023354,41.70
WV,b,1990-1999,40-44,0.00252,0.01252,2.67,95629,1198,475357,3542992,37.05
WV,b,1990-1999,45-49,0.00380,0.01883,2.69,94431,1778,468049,3067634,32.49
WV,b,1990-1999,50-54,0.00628,0.03093,2.67,92653,2866,456600,2599586,28.06
WV,b,1990-1999,55-59,0.00987,0.04822,2.66,89787,4329,438814,2142986,23.87
WV,b,1990-1999,60-64,0.01588,0.07650,2.63,85458,6538,411806,1704172,19.94
WV,b,1990-1999,65-69,0.02451,0.11580,2.63,78920,9139,372896,1292367,16.38
WV,b,1990-1999,70-74,0.03685,0.16920,2.59,69781,11807,320411,919470,13.18
WV,b,1990-1999,75-79,0.05501,0.24246,2.56,57974,14056,255544,599059,10.33
WV,b,1990-1999,80-84,0.08823,0.36193,2.52,43918,15895,180161,343516,7.82
WV,b,1990-1999,85-89,0.13480,0.49976,2.41,28023,14005,103894,163355,5.83
WV,b,1990-1999,90-94,0.20702,0.65903,2.24,14018,9238,44624,59461,4.24
WV,b,1990-1999,95-99,0.30269,0.79732,2.03,4780,3811,12590,14837,3.10
WV,b,1990-1999,100-104,0.42020,0.89424,1.79,969,866,2062,2247,2.32
WV,b,1990-1999,105-109,0.54930,0.94858,1.55,102,97,177,185,1.81
WV,b,1990-1999,110+,0.65478,1.00000,1.53,5,5,8,8,1.53
WV,b,2000-2009,0,0.00770,0.00764,0.07,100000,764,99289,7508387,75.08
WV,b,2000-2009,1-4,0.00034,0.00135,1.72,99236,134,396638,7409098,74.66
WV,b,2000-2009,5-9,0.00019,0.00095,2.33,99102,94,495259,7012461,70.76
WV,b,2000-2009,10-14,0.00022,0.00109,2.86,99008,108,494810,6517202,65.83
WV,b,2000-2009,15-19,0.00080,0.00400,3.03,98900,395,493722,6022392,60.89
WV,b,2000-2009,20-24,0.00125,0.00625,2.58,98505,616,491032,5528670,56.13
WV,b,2000-2009,25-29,0.00140,0.00697,2.52,97889,682,487753,5037638,51.46
WV,b,2000-2009,30-34,0.00162,0.00805,2.58,97207,783,484140,4549885,46.81
WV,b,2000-2009,35-39,0.00218,0.01086,2.63,96424,1047,479635,4065745,42.17
WV,b,2000-2009,40-44,0.00323,0.01604,2.65,95377,1530,473288,3586110,37.60
WV,b,2000-2009,45-49,0.00444,0.02198,2.61,93847,2063,464311,3112821,33.17
WV,b,2000-2009,50-54,0.00618,0.03043,2.61,91784,2793,452242,2648510,28.86
WV,b,2000-2009,55-59,0.00908,0.04445,2.66,88991,3955,435694,2196268,24.68
WV,b,2000-2009,60-64,0.01385,0.06707,2.64,85036,5704,411729,1760574,20.70
WV,b,2000-2009,65-69,0.02097,0.09981,2.6,79332,7918,377669,1348845,17.00
WV,b,2000-2009,70-74,0.03210,0.14913,2.63,71414,10650,331818,971176,13.60
WV,b,2000-2009,75-79,0.04999,0.22317,2.6,60765,13561,271281,639358,10.52
WV,b,2000-2009,80-84,0.08456,0.34948,2.52,47204,16497,195084,368077,7.80
WV,b,2000-2009,85-89,0.13850,0.51019,2.42,30707,15666,113115,172993,5.63
WV,b,2000-2009,90-94,0.22209,0.68734,2.23,15040,10338,46549,59878,3.98
WV,b,2000-2009,95-99,0.33492,0.83196,1.98,4703,3912,11682,13329,2.83
WV,b,2000-2009,100-104,0.47070,0.92133,1.7,790,728,1547,1648,2.09
WV,b,2000-2009,105-109,0.61273,0.96450,1.45,62,60,98,101,1.62
WV,b,2000-2009,110+,0.72316,1.00000,1.38,2,2,3,3,1.38
WV,b,2010-2019,0,0.00709,0.00705,0.07,100000,705,99343,7509809,75.10
WV,b,2010-2019,1-4,0.00033,0.00132,1.56,99295,131,396861,7410465,74.63
WV,b,2010-2019,5-9,0.00015,0.00076,2.39,99164,75,495625,7013604,70.73
WV,b,2010-2019,10-14,0.00019,0.00093,2.77,99089,92,495239,6517979,65.78
WV,b,2010-2019,15-19,0.00058,0.00290,2.88,98997,287,494373,6022740,60.84
WV,b,2010-2019,20-24,0.00116,0.00578,2.69,98709,570,492226,5528367,56.01
WV,b,2010-2019,25-29,0.00171,0.00854,2.58,98139,838,488665,5036141,51.32
WV,b,2010-2019,30-34,0.00243,0.01208,2.57,97301,1175,483649,4547476,46.74
WV,b,2010-2019,35-39,0.00292,0.01449,2.54,96126,1393,477206,4063827,42.28
WV,b,2010-2019,40-44,0.00362,0.01792,2.58,94733,1698,469561,3586621,37.86
WV,b,2010-2019,45-49,0.00504,0.02489,2.65,93035,2315,459737,3117060,33.50
WV,b,2010-2019,50-54,0.00734,0.03607,2.63,90719,3272,445848,2657323,29.29
WV,b,2010-2019,55-59,0.01023,0.04994,2.61,87447,4367,426805,2211475,25.29
WV,b,2010-2019,60-64,0.01384,0.06698,2.58,83080,5565,401935,1784670,21.48
WV,b,2010-2019,65-69,0.01949,0.09312,2.6,77515,7218,370261,1382735,17.84
WV,b,2010-2019,70-74,0.02910,0.13608,2.62,70297,9566,328723,1012474,14.40
WV,b,2010-2019,75-79,0.04514,0.20356,2.59,60731,12363,273858,683752,11.26
WV,b,2010-2019,80-84,0.07232,0.30707,2.55,48368,14852,205384,409894,8.47
WV,b,2010-2019,85-89,0.12205,0.46619,2.47,33516,15625,128021,204510,6.10
WV,b,2010-2019,90-94,0.20155,0.65127,2.28,17891,11652,57811,76488,4.28
WV,b,2010-2019,95-99,0.31384,0.81190,2.03,6239,5066,16141,18677,2.99
WV,b,2010-2019,100-104,0.45273,0.91354,1.74,1174,1072,2368,2536,2.16
WV,b,2010-2019,105-109,0.60081,0.96232,1.47,101,98,163,168,1.65
WV,b,2010-2019,110+,0.71677,1.00000,1.4,4,4,5,5,1.40
