PopName,Sex,Year,Age,mx,qx,ax,lx,dx,Lx,Tx,ex
WY,m,1960-1969,0,0.03043,0.02964,0.13,100000,2964,97411,6690134,66.90
WY,m,1960-1969,1-4,0.00129,0.00513,1.54,97036,498,386920,6592723,67.94
WY,m,1960-1969,5-9,0.00050,0.00248,2.3,96538,240,482045,6205803,64.28
WY,m,1960-1969,10-14,0.00064,0.00320,2.91,96298,308,480849,5723758,59.44
WY,m,1960-1969,15-19,0.00227,0.01131,2.81,95990,1086,477577,5242909,54.62
WY,m,1960-1969,20-24,0.00278,0.01378,2.47,94905,1308,471209,4765332,50.21
WY,m,1960-1969,25-29,0.00250,0.01242,2.49,93597,1163,465067,4294123,45.88
WY,m,1960-1969,30-34,0.00266,0.01322,2.63,92434,1222,459279,3829056,41.42
WY,m,1960-1969,35-39,0.00318,0.01576,2.71,91212,1438,452770,3369777,36.94
WY,m,1960-1969,40-44,0.00465,0.02303,2.7,89774,2067,444126,2917007,32.49
WY,m,1960-1969,45-49,0.00641,0.03160,2.69,87707,2771,432127,2472881,28.19
WY,m,1960-1969,50-54,0.01016,0.04961,2.62,84936,4213,414673,2040754,24.03
WY,m,1960-1969,55-59,0.01631,0.07848,2.6,80723,6335,388399,1626081,20.14
WY,m,1960-1969,60-64,0.02484,0.11715,2.58,74388,8714,350818,1237682,16.64
WY,m,1960-1969,65-69,0.03538,0.16290,2.57,65673,10698,302397,886864,13.50
WY,m,1960-1969,70-74,0.05352,0.23687,2.58,54975,13022,243314,584467,10.63
WY,m,1960-1969,75-79,0.08361,0.34548,2.49,41953,14494,173362,341154,8.13
WY,m,1960-1969,80-84,0.12630,0.47659,2.43,27459,13087,103616,167792,6.11
WY,m,1960-1969,85-89,0.19401,0.63437,2.27,14372,9117,46995,64176,4.47
WY,m,1960-1969,90-94,0.28513,0.77661,2.07,5255,4081,14313,17181,3.27
WY,m,1960-1969,95-99,0.39717,0.87941,1.83,1174,1032,2599,2868,2.44
WY,m,1960-1969,100-104,0.52124,0.93950,1.6,142,133,255,268,1.90
WY,m,1960-1969,105-109,0.64360,0.96943,1.4,9,8,13,13,1.55
WY,m,1960-1969,110+,0.73673,1.00000,1.36,0,0,0,0,1.36
WY,m,1970-1979,0,0.02017,0.01981,0.1,100000,1981,98215,6799141,67.99
WY,m,1970-1979,1-4,0.00091,0.00363,1.66,98019,356,391242,6700926,68.36
WY,m,1970-1979,5-9,0.00057,0.00282,2.35,97663,276,487584,6309684,64.61
WY,m,1970-1979,10-14,0.00059,0.00296,2.6,97387,288,486243,5822099,59.78
WY,m,1970-1979,15-19,0.00225,0.01118,2.92,97099,1085,483242,5335857,54.95
WY,m,1970-1979,20-24,0.00288,0.01430,2.51,96013,1373,476648,4852615,50.54
WY,m,1970-1979,25-29,0.00237,0.01177,2.44,94640,1114,470349,4375967,46.24
WY,m,1970-1979,30-34,0.00247,0.01225,2.56,93527,1146,464833,3905618,41.76
WY,m,1970-1979,35-39,0.00314,0.01560,2.46,92380,1441,458247,3440786,37.25
WY,m,1970-1979,40-44,0.00429,0.02123,2.72,90939,1931,450292,2982538,32.80
WY,m,1970-1979,45-49,0.00643,0.03166,2.6,89009,2818,438274,2532246,28.45
WY,m,1970-1979,50-54,0.00938,0.04590,2.64,86191,3956,421635,2093973,24.29
WY,m,1970-1979,55-59,0.01540,0.07428,2.61,82234,6109,396547,1672338,20.34
WY,m,1970-1979,60-64,0.02381,0.11280,2.66,76126,8587,360570,1275791,16.76
WY,m,1970-1979,65-69,0.03762,0.17238,2.58,67539,11642,309485,915221,13.55
WY,m,1970-1979,70-74,0.05521,0.24354,2.58,55896,13613,246561,605736,10.84
WY,m,1970-1979,75-79,0.07977,0.33191,2.47,42283,14034,175927,359175,8.49
WY,m,1970-1979,80-84,0.11999,0.45784,2.41,28249,12934,107794,183247,6.49
WY,m,1970-1979,85-89,0.17408,0.59162,2.29,15316,9061,52052,75453,4.93
WY,m,1970-1979,90-94,0.24517,0.72024,2.14,6255,4505,18374,23401,3.74
WY,m,1970-1979,95-99,0.33302,0.82599,1.95,1750,1445,4340,5027,2.87
WY,m,1970-1979,100-104,0.43397,0.89990,1.75,304,274,631,687,2.26
WY,m,1970-1979,105-109,0.54093,0.94460,1.56,30,29,53,56,1.83
WY,m,1970-1979,110+,0.62750,1.00000,1.59,2,2,3,3,1.59
WY,m,1980-1989,0,0.01112,0.01101,0.07,100000,1101,98982,7182665,71.83
WY,m,1980-1989,1-4,0.00059,0.00238,1.55,98899,235,395022,7083683,71.63
WY,m,1980-1989,5-9,0.00032,0.00161,2.38,98664,158,492907,6688661,67.79
WY,m,1980-1989,10-14,0.00044,0.00222,2.89,98506,219,492068,6195754,62.90
WY,m,1980-1989,15-19,0.00170,0.00845,3.06,98288,831,489827,5703686,58.03
WY,m,1980-1989,20-24,0.00249,0.01237,2.52,97457,1205,484299,5213858,53.50
WY,m,1980-1989,25-29,0.00199,0.00991,2.47,96251,954,478841,4729559,49.14
WY,m,1980-1989,30-34,0.00190,0.00945,2.49,95297,900,474224,4250718,44.60
WY,m,1980-1989,35-39,0.00222,0.01102,2.61,94397,1040,469494,3776494,40.01
WY,m,1980-1989,40-44,0.00300,0.01491,2.65,93357,1392,463505,3306999,35.42
WY,m,1980-1989,45-49,0.00433,0.02142,2.63,91964,1969,455146,2843494,30.92
WY,m,1980-1989,50-54,0.00673,0.03313,2.68,89995,2981,443072,2388348,26.54
WY,m,1980-1989,55-59,0.01073,0.05229,2.59,87014,4550,424101,1945277,22.36
WY,m,1980-1989,60-64,0.01565,0.07541,2.6,82464,6219,397393,1521176,18.45
WY,m,1980-1989,65-69,0.03000,0.13997,2.61,76245,10672,355697,1123783,14.74
WY,m,1980-1989,70-74,0.04566,0.20556,2.58,65573,13479,295194,768085,11.71
WY,m,1980-1989,75-79,0.07090,0.30158,2.52,52094,15711,221581,472891,9.08
WY,m,1980-1989,80-84,0.10710,0.42092,2.46,36383,15315,142995,251311,6.91
WY,m,1980-1989,85-89,0.16244,0.56674,2.33,21069,11941,73508,108316,5.14
WY,m,1980-1989,90-94,0.23798,0.71049,2.16,9128,6486,27253,34808,3.81
WY,m,1980-1989,95-99,0.33383,0.82803,1.96,2643,2188,6555,7555,2.86
WY,m,1980-1989,100-104,0.44536,0.90699,1.73,454,412,926,1000,2.20
WY,m,1980-1989,105-109,0.56305,0.95164,1.52,42,40,71,75,1.76
WY,m,1980-1989,110+,0.65745,1.00000,1.52,2,2,3,3,1.52
WY,m,1990-1999,0,0.00861,0.00854,0.07,100000,854,99204,7374510,73.75
WY,m,1990-1999,1-4,0.00044,0.00177,1.57,99146,176,396155,7275306,73.38
WY,m,1990-1999,5-9,0.00029,0.00145,2.44,98970,143,494483,6879151,69.51
WY,m,1990-1999,10-14,0.00039,0.00193,2.91,98827,191,493735,6384667,64.60
WY,m,1990-1999,15-19,0.00152,0.00759,2.81,98636,749,491538,5890933,59.72
WY,m,1990-1999,20-24,0.00179,0.00890,2.44,97887,871,487203,5399395,55.16
WY,m,1990-1999,25-29,0.00158,0.00789,2.57,97016,765,483220,4912192,50.63
WY,m,1990-1999,30-34,0.00186,0.00927,2.61,96250,892,479122,4428972,46.02
WY,m,1990-1999,35-39,0.00200,0.00995,2.5,95358,948,474420,3949851,41.42
WY,m,1990-1999,40-44,0.00247,0.01229,2.47,94410,1160,469115,3475431,36.81
WY,m,1990-1999,45-49,0.00373,0.01852,2.74,93249,1727,462353,3006316,32.24
WY,m,1990-1999,50-54,0.00601,0.02963,2.72,91523,2712,451417,2543963,27.80
WY,m,1990-1999,55-59,0.00939,0.04596,2.73,88810,4082,434793,2092546,23.56
WY,m,1990-1999,60-64,0.01527,0.07362,2.58,84729,6238,408535,1657753,19.57
WY,m,1990-1999,65-69,0.02418,0.11446,2.67,78491,8984,371548,1249217,15.92
WY,m,1990-1999,70-74,0.03706,0.16996,2.56,69507,11813,318719,877670,12.63
WY,m,1990-1999,75-79,0.06055,0.26506,2.65,57693,15292,252538,558951,9.69
WY,m,1990-1999,80-84,0.09729,0.39126,2.5,42401,16590,170516,306413,7.23
WY,m,1990-1999,85-89,0.15489,0.55014,2.37,25811,14200,91677,135898,5.27
WY,m,1990-1999,90-94,0.23658,0.70972,2.18,11612,8241,34833,44221,3.81
WY,m,1990-1999,95-99,0.34277,0.83767,1.95,3371,2823,8237,9388,2.79
WY,m,1990-1999,100-104,0.46707,0.91857,1.7,547,503,1076,1150,2.10
WY,m,1990-1999,105-109,0.59625,0.96040,1.47,45,43,72,74,1.67
WY,m,1990-1999,110+,0.69773,1.00000,1.43,2,2,3,3,1.43
WY,m,2000-2009,0,0.00734,0.00729,0.06,100000,729,99318,7500572,75.01
WY,m,2000-2009,1-4,0.00042,0.00168,1.54,99271,167,396674,7401253,74.56
WY,m,2000-2009,5-9,0.00022,0.00110,2.6,99105,109,495262,7004579,70.68
WY,m,2000-2009,10-14,0.00027,0.00135,2.96,98996,134,494704,6509317,65.75
WY,m,2000-2009,15-19,0.00110,0.00548,2.87,98862,542,493153,6014613,60.84
WY,m,2000-2009,20-24,0.00183,0.00909,2.45,98320,894,489318,5521460,56.16
WY,m,2000-2009,25-29,0.00203,0.01010,2.5,97426,984,484668,5032142,51.65
WY,m,2000-2009,30-34,0.00182,0.00904,2.46,96442,872,479998,4547473,47.15
WY,m,2000-2009,35-39,0.00234,0.01165,2.59,95570,1113,475162,4067475,42.56
WY,m,2000-2009,40-44,0.00295,0.01466,2.65,94457,1385,469025,3592314,38.03
WY,m,2000-2009,45-49,0.00412,0.02043,2.67,93072,1901,460924,3123288,33.56
WY,m,2000-2009,50-54,0.00556,0.02741,2.59,91171,2499,449821,2662365,29.20
WY,m,2000-2009,55-59,0.00778,0.03822,2.69,88672,3389,435522,2212544,24.95
WY,m,2000-2009,60-64,0.01236,0.06003,2.64,85283,5120,414358,1777021,20.84
WY,m,2000-2009,65-69,0.01996,0.09528,2.62,80163,7638,382656,1362663,17.00
WY,m,2000-2009,70-74,0.03080,0.14369,2.67,72525,10421,338301,980007,13.51
WY,m,2000-2009,75-79,0.05041,0.22458,2.57,62104,13948,276663,641706,10.33
WY,m,2000-2009,80-84,0.08626,0.35612,2.55,48157,17150,198809,365043,7.58
WY,m,2000-2009,85-89,0.14758,0.53385,2.41,31007,16553,112162,166233,5.36
WY,m,2000-2009,90-94,0.23946,0.71634,2.2,14454,10354,43239,54071,3.74
WY,m,2000-2009,95-99,0.36251,0.85651,1.92,4100,3512,9687,10832,2.64
WY,m,2000-2009,100-104,0.50641,0.93595,1.63,588,551,1087,1145,1.95
WY,m,2000-2009,105-109,0.65057,0.97140,1.39,38,37,56,58,1.53
WY,m,2000-2009,110+,0.75831,1.00000,1.32,1,1,1,1,1.32
WY,m,2010-2019,0,0.00622,0.00619,0.06,100000,619,99419,7633900,76.34
WY,m,2010-2019,1-4,0.00030,0.00120,1.82,99381,119,397266,7534480,75.81
WY,m,2010-2019,5-9,0.00015,0.00077,2.7,99262,77,496135,7137215,71.90
WY,m,2010-2019,10-14,0.00019,0.00096,3.11,99185,95,495748,6641080,66.96
WY,m,2010-2019,15-19,0.00096,0.00479,2.97,99090,475,494490,6145332,62.02
WY,m,2010-2019,20-24,0.00159,0.00794,2.62,98615,783,491217,5650842,57.30
WY,m,2010-2019,25-29,0.00175,0.00870,2.53,97833,851,487062,5159625,52.74
WY,m,2010-2019,30-34,0.00204,0.01016,2.46,96981,985,482398,4672563,48.18
WY,m,2010-2019,35-39,0.00227,0.01130,2.55,95996,1085,477319,4190165,43.65
WY,m,2010-2019,40-44,0.00298,0.01479,2.75,94911,1404,471389,3712846,39.12
WY,m,2010-2019,45-49,0.00420,0.02080,2.71,93507,1945,463083,3241457,34.67
WY,m,2010-2019,50-54,0.00624,0.03077,2.67,91562,2817,451232,2778375,30.34
WY,m,2010-2019,55-59,0.00790,0.03876,2.58,88745,3439,435391,2327143,26.22
WY,m,2010-2019,60-64,0.01168,0.05678,2.56,85305,4844,414728,1891752,22.18
WY,m,2010-2019,65-69,0.01716,0.08249,2.66,80462,6637,386755,1477024,18.36
WY,m,2010-2019,70-74,0.02567,0.12107,2.66,73825,8938,348209,1090269,14.77
WY,m,2010-2019,75-79,0.04213,0.19118,2.58,64886,12405,294435,742061,11.44
WY,m,2010-2019,80-84,0.06776,0.29169,2.62,52481,15308,225909,447625,8.53
WY,m,2010-2019,85-89,0.12365,0.47160,2.48,37173,17531,141774,221716,5.96
WY,m,2010-2019,90-94,0.21322,0.67412,2.27,19642,13241,62101,79942,4.07
WY,m,2010-2019,95-99,0.34009,0.83894,1.98,6401,5370,15790,17841,2.79
WY,m,2010-2019,100-104,0.49429,0.93243,1.66,1031,961,1945,2051,1.99
WY,m,2010-2019,105-109,0.65117,0.97194,1.39,70,68,104,107,1.53
WY,m,2010-2019,110+,0.76751,1.00000,1.3,2,2,3,3,1.30
