PopName,Sex,Year,Age,mx,qx,ax,lx,dx,Lx,Tx,ex
LA,f,1960-1969,0,0.02626,0.02568,0.13,100000,2568,97757,7207767,72.08
LA,f,1960-1969,1-4,0.00116,0.00462,1.58,97432,450,388639,7110010,72.97
LA,f,1960-1969,5-9,0.00045,0.00225,2.16,96982,218,484290,6721371,69.31
LA,f,1960-1969,10-14,0.00035,0.00174,2.62,96764,168,483419,6237081,64.46
LA,f,1960-1969,15-19,0.00062,0.00308,2.71,96596,298,482295,5753662,59.56
LA,f,1960-1969,20-24,0.00088,0.00441,2.69,96298,425,480507,5271367,54.74
LA,f,1960-1969,25-29,0.00108,0.00537,2.64,95873,514,478151,4790859,49.97
LA,f,1960-1969,30-34,0.00153,0.00764,2.65,95359,729,475080,4312709,45.23
LA,f,1960-1969,35-39,0.00229,0.01141,2.63,94630,1080,470595,3837629,40.55
LA,f,1960-1969,40-44,0.00342,0.01694,2.64,93550,1585,464015,3367034,35.99
LA,f,1960-1969,45-49,0.00493,0.02438,2.64,91966,2242,454537,2903019,31.57
LA,f,1960-1969,50-54,0.00735,0.03614,2.64,89724,3243,440979,2448482,27.29
LA,f,1960-1969,55-59,0.01077,0.05250,2.64,86481,4541,421709,2007503,23.21
LA,f,1960-1969,60-64,0.01642,0.07904,2.64,81940,6477,394436,1585793,19.35
LA,f,1960-1969,65-69,0.02620,0.12320,2.58,75464,9297,354774,1191358,15.79
LA,f,1960-1969,70-74,0.03952,0.18049,2.6,66167,11942,302212,836584,12.64
LA,f,1960-1969,75-79,0.05968,0.26021,2.54,54225,14110,236429,534372,9.85
LA,f,1960-1969,80-84,0.09737,0.39101,2.48,40115,15685,161087,297944,7.43
LA,f,1960-1969,85-89,0.14847,0.53167,2.33,24430,12989,87484,136857,5.60
LA,f,1960-1969,90-94,0.20636,0.65558,2.22,11441,7500,36347,49373,4.32
LA,f,1960-1969,95-99,0.28403,0.77278,2.05,3941,3045,10721,13026,3.31
LA,f,1960-1969,100-104,0.37662,0.86261,1.86,895,772,2051,2304,2.57
LA,f,1960-1969,105-109,0.47914,0.92181,1.66,123,113,237,254,2.06
LA,f,1960-1969,110+,0.56400,1.00000,1.77,10,10,17,17,1.77
LA,f,1970-1979,0,0.01816,0.01787,0.1,100000,1787,98399,7433757,74.34
LA,f,1970-1979,1-4,0.00078,0.00310,1.62,98213,304,392128,7335358,74.69
LA,f,1970-1979,5-9,0.00034,0.00169,2.26,97909,165,489092,6943230,70.92
LA,f,1970-1979,10-14,0.00029,0.00147,2.63,97744,144,488377,6454138,66.03
LA,f,1970-1979,15-19,0.00059,0.00293,2.81,97600,286,487374,5965761,61.12
LA,f,1970-1979,20-24,0.00078,0.00389,2.4,97314,378,485588,5478387,56.30
LA,f,1970-1979,25-29,0.00091,0.00453,2.57,96936,439,483611,4992799,51.51
LA,f,1970-1979,30-34,0.00128,0.00638,2.66,96496,616,481042,4509188,46.73
LA,f,1970-1979,35-39,0.00187,0.00930,2.71,95881,892,477362,4028146,42.01
LA,f,1970-1979,40-44,0.00301,0.01494,2.64,94989,1419,471595,3550784,37.38
LA,f,1970-1979,45-49,0.00449,0.02221,2.67,93570,2078,463003,3079188,32.91
LA,f,1970-1979,50-54,0.00671,0.03304,2.64,91491,3023,450330,2616186,28.59
LA,f,1970-1979,55-59,0.00972,0.04749,2.65,88468,4202,432464,2165856,24.48
LA,f,1970-1979,60-64,0.01469,0.07094,2.61,84267,5978,407057,1733392,20.57
LA,f,1970-1979,65-69,0.02149,0.10215,2.6,78289,7998,372212,1326336,16.94
LA,f,1970-1979,70-74,0.03381,0.15640,2.6,70291,10993,325120,954124,13.57
LA,f,1970-1979,75-79,0.05144,0.22856,2.56,59298,13553,263479,629004,10.61
LA,f,1970-1979,80-84,0.08548,0.35278,2.53,45745,16138,188786,365525,7.99
LA,f,1970-1979,85-89,0.13471,0.49902,2.4,29607,14774,109678,176739,5.97
LA,f,1970-1979,90-94,0.19310,0.63133,2.26,14833,9364,48495,67061,4.52
LA,f,1970-1979,95-99,0.27421,0.76143,2.08,5468,4164,15185,18566,3.40
LA,f,1970-1979,100-104,0.37302,0.86082,1.87,1305,1123,3010,3381,2.59
LA,f,1970-1979,105-109,0.48364,0.92441,1.66,182,168,347,371,2.04
LA,f,1970-1979,110+,0.57557,1.00000,1.74,14,14,24,24,1.74
LA,f,1980-1989,0,0.01172,0.01159,0.09,100000,1159,98940,7644690,76.45
LA,f,1980-1989,1-4,0.00058,0.00231,1.62,98841,229,394819,7545750,76.34
LA,f,1980-1989,5-9,0.00024,0.00121,2.29,98612,119,492737,7150930,72.52
LA,f,1980-1989,10-14,0.00024,0.00120,2.84,98493,118,492210,6658193,67.60
LA,f,1980-1989,15-19,0.00052,0.00259,2.72,98375,254,491295,6165984,62.68
LA,f,1980-1989,20-24,0.00068,0.00339,2.52,98121,333,489777,5674688,57.83
LA,f,1980-1989,25-29,0.00081,0.00405,2.54,97788,396,487965,5184911,53.02
LA,f,1980-1989,30-34,0.00102,0.00509,2.62,97391,496,485778,4696946,48.23
LA,f,1980-1989,35-39,0.00146,0.00728,2.69,96896,706,482848,4211168,43.46
LA,f,1980-1989,40-44,0.00225,0.01118,2.72,96190,1076,478496,3728321,38.76
LA,f,1980-1989,45-49,0.00351,0.01739,2.69,95115,1654,471748,3249825,34.17
LA,f,1980-1989,50-54,0.00562,0.02774,2.65,93461,2592,461211,2778077,29.72
LA,f,1980-1989,55-59,0.00851,0.04170,2.65,90868,3789,445431,2316866,25.50
LA,f,1980-1989,60-64,0.01324,0.06416,2.62,87079,5587,422114,1871435,21.49
LA,f,1980-1989,65-69,0.01961,0.09364,2.6,81492,7631,389180,1449321,17.78
LA,f,1980-1989,70-74,0.02991,0.13958,2.61,73861,10309,344676,1060141,14.35
LA,f,1980-1989,75-79,0.04582,0.20620,2.58,63551,13104,286017,715465,11.26
LA,f,1980-1989,80-84,0.07560,0.31883,2.54,50447,16084,212741,429448,8.51
LA,f,1980-1989,85-89,0.12224,0.46417,2.41,34363,15951,130486,216708,6.31
LA,f,1980-1989,90-94,0.18301,0.61188,2.29,18413,11266,61560,86221,4.68
LA,f,1980-1989,95-99,0.26789,0.75416,2.1,7146,5389,20118,24661,3.45
LA,f,1980-1989,100-104,0.37335,0.86201,1.88,1757,1514,4056,4543,2.59
LA,f,1980-1989,105-109,0.49232,0.92862,1.65,242,225,457,487,2.01
LA,f,1980-1989,110+,0.59134,1.00000,1.69,17,17,29,29,1.69
LA,f,1990-1999,0,0.00944,0.00936,0.08,100000,936,99138,7712370,77.12
LA,f,1990-1999,1-4,0.00051,0.00204,1.59,99064,202,395769,7613231,76.85
LA,f,1990-1999,5-9,0.00020,0.00102,2.32,98862,101,494037,7217463,73.01
LA,f,1990-1999,10-14,0.00025,0.00123,2.88,98760,121,493545,6723426,68.08
LA,f,1990-1999,15-19,0.00050,0.00251,2.68,98639,247,492621,6229881,63.16
LA,f,1990-1999,20-24,0.00068,0.00340,2.54,98392,334,491135,5737260,58.31
LA,f,1990-1999,25-29,0.00080,0.00400,2.59,98057,393,489341,5246125,53.50
LA,f,1990-1999,30-34,0.00108,0.00539,2.6,97665,526,487060,4756785,48.71
LA,f,1990-1999,35-39,0.00147,0.00733,2.63,97138,712,484007,4269724,43.96
LA,f,1990-1999,40-44,0.00220,0.01094,2.65,96427,1055,479655,3785717,39.26
LA,f,1990-1999,45-49,0.00340,0.01684,2.65,95372,1606,473083,3306062,34.66
LA,f,1990-1999,50-54,0.00519,0.02562,2.68,93766,2403,463252,2832979,30.21
LA,f,1990-1999,55-59,0.00823,0.04036,2.67,91363,3687,448219,2369727,25.94
LA,f,1990-1999,60-64,0.01262,0.06125,2.63,87676,5370,425673,1921508,21.92
LA,f,1990-1999,65-69,0.01844,0.08836,2.63,82305,7273,394321,1495835,18.17
LA,f,1990-1999,70-74,0.02803,0.13131,2.6,75032,9853,351521,1101514,14.68
LA,f,1990-1999,75-79,0.04245,0.19244,2.58,65180,12543,295484,749992,11.51
LA,f,1990-1999,80-84,0.07274,0.30880,2.55,52636,16254,223439,454508,8.63
LA,f,1990-1999,85-89,0.11828,0.45473,2.46,36382,16544,139871,231069,6.35
LA,f,1990-1999,90-94,0.18593,0.61872,2.3,19838,12274,66016,91198,4.60
LA,f,1990-1999,95-99,0.27852,0.76901,2.09,7564,5817,20884,25182,3.33
LA,f,1990-1999,100-104,0.39397,0.87778,1.84,1747,1534,3893,4297,2.46
LA,f,1990-1999,105-109,0.52271,0.94033,1.6,214,201,384,404,1.89
LA,f,1990-1999,110+,0.62865,1.00000,1.59,13,13,20,20,1.59
LA,f,2000-2009,0,0.00878,0.00871,0.08,100000,871,99197,7739880,77.40
LA,f,2000-2009,1-4,0.00043,0.00171,1.63,99129,169,396114,7640683,77.08
LA,f,2000-2009,5-9,0.00018,0.00092,2.4,98960,91,494560,7244569,73.21
LA,f,2000-2009,10-14,0.00020,0.00098,2.57,98868,97,494107,6750009,68.27
LA,f,2000-2009,15-19,0.00049,0.00246,2.84,98771,243,493333,6255902,63.34
LA,f,2000-2009,20-24,0.00070,0.00351,2.55,98528,345,491793,5762569,58.49
LA,f,2000-2009,25-29,0.00094,0.00468,2.58,98183,460,489803,5270776,53.68
LA,f,2000-2009,30-34,0.00117,0.00582,2.64,97723,569,487277,4780973,48.92
LA,f,2000-2009,35-39,0.00167,0.00831,2.67,97155,807,483888,4293696,44.19
LA,f,2000-2009,40-44,0.00241,0.01198,2.64,96347,1154,479011,3809808,39.54
LA,f,2000-2009,45-49,0.00365,0.01809,2.62,95193,1722,471876,3330796,34.99
LA,f,2000-2009,50-54,0.00519,0.02561,2.6,93471,2394,461615,2858921,30.59
LA,f,2000-2009,55-59,0.00760,0.03737,2.69,91077,3403,447511,2397306,26.32
LA,f,2000-2009,60-64,0.01132,0.05515,2.65,87674,4836,427017,1949796,22.24
LA,f,2000-2009,65-69,0.01693,0.08138,2.63,82838,6741,398232,1522779,18.38
LA,f,2000-2009,70-74,0.02589,0.12191,2.61,76097,9277,358319,1124547,14.78
LA,f,2000-2009,75-79,0.04086,0.18607,2.6,66820,12433,304251,766228,11.47
LA,f,2000-2009,80-84,0.07147,0.30458,2.58,54387,16565,231796,461978,8.49
LA,f,2000-2009,85-89,0.12183,0.46532,2.46,37821,17599,144452,230182,6.09
LA,f,2000-2009,90-94,0.20392,0.65565,2.28,20222,13259,65021,85730,4.24
LA,f,2000-2009,95-99,0.31637,0.81441,2.02,6964,5671,17926,20708,2.97
LA,f,2000-2009,100-104,0.45452,0.91427,1.73,1292,1182,2600,2783,2.15
LA,f,2000-2009,105-109,0.60092,0.96225,1.47,111,107,177,183,1.65
LA,f,2000-2009,110+,0.71519,1.00000,1.4,4,4,6,6,1.40
LA,f,2010-2019,0,0.00712,0.00708,0.07,100000,708,99344,7871206,78.71
LA,f,2010-2019,1-4,0.00034,0.00137,1.53,99292,136,396832,7771862,78.27
LA,f,2010-2019,5-9,0.00014,0.00071,2.29,99156,70,495589,7375030,74.38
LA,f,2010-2019,10-14,0.00017,0.00083,2.75,99085,82,495242,6879441,69.43
LA,f,2010-2019,15-19,0.00041,0.00207,2.94,99003,205,494595,6384199,64.48
LA,f,2010-2019,20-24,0.00058,0.00290,2.68,98799,286,493330,5889604,59.61
LA,f,2010-2019,25-29,0.00083,0.00417,2.64,98513,410,491596,5396274,54.78
LA,f,2010-2019,30-34,0.00127,0.00631,2.64,98102,619,489050,4904677,50.00
LA,f,2010-2019,35-39,0.00167,0.00831,2.58,97483,811,485458,4415627,45.30
LA,f,2010-2019,40-44,0.00240,0.01194,2.57,96673,1154,480564,3930169,40.65
LA,f,2010-2019,45-49,0.00338,0.01675,2.65,95519,1599,473829,3449605,36.11
LA,f,2010-2019,50-54,0.00513,0.02536,2.61,93919,2382,463901,2975776,31.68
LA,f,2010-2019,55-59,0.00751,0.03690,2.63,91538,3378,449677,2511875,27.44
LA,f,2010-2019,60-64,0.01026,0.05005,2.61,88160,4412,430260,2062198,23.39
LA,f,2010-2019,65-69,0.01488,0.07190,2.65,83748,6021,404559,1631939,19.49
LA,f,2010-2019,70-74,0.02307,0.10938,2.64,77727,8502,368553,1227380,15.79
LA,f,2010-2019,75-79,0.03581,0.16499,2.62,69225,11421,318925,858826,12.41
LA,f,2010-2019,80-84,0.05967,0.26094,2.6,57803,15083,252772,539901,9.34
LA,f,2010-2019,85-89,0.10408,0.41384,2.53,42720,17679,169858,287129,6.72
LA,f,2010-2019,90-94,0.17801,0.60418,2.34,25041,15129,84990,117270,4.68
LA,f,2010-2019,95-99,0.28376,0.77798,2.1,9912,7711,27175,32281,3.26
LA,f,2010-2019,100-104,0.41893,0.89560,1.8,2201,1971,4704,5106,2.32
LA,f,2010-2019,105-109,0.56798,0.95476,1.52,230,219,386,401,1.75
LA,f,2010-2019,110+,0.68747,1.00000,1.45,10,10,15,15,1.45
