PopName,Sex,Year,Age,mx,qx,ax,lx,dx,Lx,Tx,ex
DC,f,1960-1969,0,0.03056,0.02978,0.14,100000,2978,97435,7006758,70.07
DC,f,1960-1969,1-4,0.00096,0.00382,1.72,97022,371,387243,6909323,71.21
DC,f,1960-1969,5-9,0.00050,0.00247,2.17,96652,239,482581,6522080,67.48
DC,f,1960-1969,10-14,0.00033,0.00165,2.7,96413,159,481699,6039498,62.64
DC,f,1960-1969,15-19,0.00055,0.00276,2.86,96254,265,480701,5557799,57.74
DC,f,1960-1969,20-24,0.00101,0.00502,2.81,95989,482,478887,5077098,52.89
DC,f,1960-1969,25-29,0.00151,0.00750,2.61,95507,717,475820,4598211,48.15
DC,f,1960-1969,30-34,0.00253,0.01257,2.75,94790,1191,471267,4122391,43.49
DC,f,1960-1969,35-39,0.00400,0.01979,2.67,93599,1852,463686,3651124,39.01
DC,f,1960-1969,40-44,0.00595,0.02935,2.59,91746,2693,452242,3187439,34.74
DC,f,1960-1969,45-49,0.00767,0.03765,2.58,89053,3353,437145,2735197,30.71
DC,f,1960-1969,50-54,0.00998,0.04874,2.57,85700,4177,418369,2298052,26.82
DC,f,1960-1969,55-59,0.01249,0.06065,2.62,81523,4944,395845,1879683,23.06
DC,f,1960-1969,60-64,0.01716,0.08241,2.59,76579,6311,367685,1483838,19.38
DC,f,1960-1969,65-69,0.02461,0.11611,2.57,70268,8159,331527,1116153,15.88
DC,f,1960-1969,70-74,0.03614,0.16610,2.57,62109,10317,285439,784626,12.63
DC,f,1960-1969,75-79,0.05653,0.24843,2.56,51793,12867,227607,499187,9.64
DC,f,1960-1969,80-84,0.10797,0.42300,2.44,38926,16465,152494,271580,6.98
DC,f,1960-1969,85-89,0.15800,0.55559,2.33,22460,12479,78978,119086,5.30
DC,f,1960-1969,90-94,0.22481,0.68809,2.18,9981,6868,30551,40109,4.02
DC,f,1960-1969,95-99,0.30888,0.80166,2,3113,2496,8080,9558,3.07
DC,f,1960-1969,100-104,0.40748,0.88425,1.8,617,546,1340,1478,2.39
DC,f,1960-1969,105-109,0.51423,0.93579,1.6,71,67,130,138,1.93
DC,f,1960-1969,110+,0.60161,1.00000,1.66,5,5,8,8,1.66
DC,f,1970-1979,0,0.02735,0.02671,0.13,100000,2671,97675,7175573,71.76
DC,f,1970-1979,1-4,0.00092,0.00369,1.6,97329,359,388455,7077898,72.72
DC,f,1970-1979,5-9,0.00042,0.00209,2.34,96970,203,484309,6689444,68.98
DC,f,1970-1979,10-14,0.00030,0.00151,2.38,96767,146,483451,6205135,64.12
DC,f,1970-1979,15-19,0.00050,0.00248,2.76,96621,239,482569,5721684,59.22
DC,f,1970-1979,20-24,0.00091,0.00454,2.51,96382,437,480818,5239115,54.36
DC,f,1970-1979,25-29,0.00111,0.00553,2.57,95944,531,478432,4758297,49.59
DC,f,1970-1979,30-34,0.00186,0.00924,2.7,95414,882,475044,4279865,44.86
DC,f,1970-1979,35-39,0.00305,0.01515,2.74,94532,1432,469428,3804821,40.25
DC,f,1970-1979,40-44,0.00459,0.02270,2.55,93100,2114,460326,3335393,35.83
DC,f,1970-1979,45-49,0.00748,0.03675,2.61,90986,3344,446942,2875067,31.60
DC,f,1970-1979,50-54,0.00991,0.04838,2.59,87642,4240,428008,2428125,27.70
DC,f,1970-1979,55-59,0.01251,0.06074,2.6,83402,5066,404849,2000118,23.98
DC,f,1970-1979,60-64,0.01578,0.07601,2.59,78336,5954,377325,1595269,20.36
DC,f,1970-1979,65-69,0.02292,0.10838,2.5,72382,7845,342266,1217944,16.83
DC,f,1970-1979,70-74,0.03339,0.15459,2.61,64537,9977,298805,875678,13.57
DC,f,1970-1979,75-79,0.04900,0.21888,2.56,54560,11942,243705,576873,10.57
DC,f,1970-1979,80-84,0.08995,0.36687,2.49,42618,15636,173831,333168,7.82
DC,f,1970-1979,85-89,0.13547,0.50028,2.39,26983,13499,99642,159337,5.91
DC,f,1970-1979,90-94,0.19845,0.64161,2.25,13484,8651,43595,59694,4.43
DC,f,1970-1979,95-99,0.28046,0.76930,2.07,4832,3718,13255,16099,3.33
DC,f,1970-1979,100-104,0.37974,0.86579,1.86,1115,965,2542,2844,2.55
DC,f,1970-1979,105-109,0.49018,0.92705,1.65,150,139,283,302,2.02
DC,f,1970-1979,110+,0.58168,1.00000,1.72,11,11,19,19,1.72
DC,f,1980-1989,0,0.02270,0.02225,0.12,100000,2225,98034,7364637,73.65
DC,f,1980-1989,1-4,0.00053,0.00211,1.64,97775,207,390611,7266602,74.32
DC,f,1980-1989,5-9,0.00035,0.00176,2.62,97568,172,487431,6875991,70.47
DC,f,1980-1989,10-14,0.00026,0.00129,2.39,97396,125,486653,6388561,65.59
DC,f,1980-1989,15-19,0.00044,0.00222,2.61,97271,216,485838,5901907,60.68
DC,f,1980-1989,20-24,0.00064,0.00320,2.72,97055,310,484567,5416069,55.80
DC,f,1980-1989,25-29,0.00104,0.00520,2.73,96744,503,482579,4931502,50.97
DC,f,1980-1989,30-34,0.00169,0.00842,2.69,96241,810,479334,4448922,46.23
DC,f,1980-1989,35-39,0.00249,0.01239,2.62,95431,1183,474344,3969588,41.60
DC,f,1980-1989,40-44,0.00346,0.01718,2.58,94248,1619,467326,3495245,37.09
DC,f,1980-1989,45-49,0.00555,0.02741,2.7,92629,2539,457298,3027919,32.69
DC,f,1980-1989,50-54,0.00798,0.03915,2.62,90090,3527,442058,2570620,28.53
DC,f,1980-1989,55-59,0.01123,0.05465,2.58,86563,4731,421389,2128562,24.59
DC,f,1980-1989,60-64,0.01583,0.07623,2.58,81833,6238,394057,1707173,20.86
DC,f,1980-1989,65-69,0.02219,0.10531,2.59,75595,7961,358796,1313115,17.37
DC,f,1980-1989,70-74,0.03156,0.14659,2.57,67634,9915,314109,954319,14.11
DC,f,1980-1989,75-79,0.04463,0.20076,2.5,57719,11588,259611,640210,11.09
DC,f,1980-1989,80-84,0.08290,0.34343,2.5,46132,15843,191107,380599,8.25
DC,f,1980-1989,85-89,0.12510,0.47240,2.41,30288,14308,114374,189492,6.26
DC,f,1980-1989,90-94,0.18395,0.61285,2.28,15980,9793,53240,75118,4.70
DC,f,1980-1989,95-99,0.26151,0.74432,2.11,6187,4605,17609,21878,3.54
DC,f,1980-1989,100-104,0.35684,0.84774,1.9,1582,1341,3758,4269,2.70
DC,f,1980-1989,105-109,0.46487,0.91601,1.69,241,221,475,511,2.12
DC,f,1980-1989,110+,0.55519,1.00000,1.8,20,20,36,36,1.80
DC,f,1990-1999,0,0.02071,0.02034,0.11,100000,2034,98192,7420777,74.21
DC,f,1990-1999,1-4,0.00087,0.00346,1.53,97966,339,391029,7322585,74.75
DC,f,1990-1999,5-9,0.00025,0.00125,2.54,97628,122,487840,6931556,71.00
DC,f,1990-1999,10-14,0.00027,0.00135,3.14,97506,132,487285,6443715,66.09
DC,f,1990-1999,15-19,0.00062,0.00309,2.54,97374,301,486131,5956430,61.17
DC,f,1990-1999,20-24,0.00070,0.00350,2.66,97074,340,484575,5470299,56.35
DC,f,1990-1999,25-29,0.00095,0.00476,2.67,96734,460,482595,4985724,51.54
DC,f,1990-1999,30-34,0.00194,0.00967,2.71,96274,930,479241,4503129,46.77
DC,f,1990-1999,35-39,0.00312,0.01548,2.66,95343,1476,473261,4023888,42.20
DC,f,1990-1999,40-44,0.00400,0.01980,2.59,93867,1858,464861,3550626,37.83
DC,f,1990-1999,45-49,0.00512,0.02529,2.67,92009,2327,454621,3085766,33.54
DC,f,1990-1999,50-54,0.00758,0.03723,2.61,89682,3339,440419,2631144,29.34
DC,f,1990-1999,55-59,0.00984,0.04808,2.66,86343,4152,421997,2190725,25.37
DC,f,1990-1999,60-64,0.01560,0.07516,2.58,82192,6177,396007,1768728,21.52
DC,f,1990-1999,65-69,0.02046,0.09745,2.58,76014,7408,362122,1372721,18.06
DC,f,1990-1999,70-74,0.02848,0.13335,2.62,68607,9148,321275,1010599,14.73
DC,f,1990-1999,75-79,0.04053,0.18425,2.54,59458,10955,270312,689324,11.59
DC,f,1990-1999,80-84,0.07585,0.31936,2.53,48503,15490,204212,419012,8.64
DC,f,1990-1999,85-89,0.11713,0.45033,2.43,33013,14867,126927,214800,6.51
DC,f,1990-1999,90-94,0.17602,0.59672,2.3,18146,10828,61518,87874,4.84
DC,f,1990-1999,95-99,0.25517,0.73604,2.13,7318,5386,21109,26356,3.60
DC,f,1990-1999,100-104,0.35387,0.84584,1.91,1932,1634,4617,5247,2.72
DC,f,1990-1999,105-109,0.46662,0.91726,1.69,298,273,585,629,2.11
DC,f,1990-1999,110+,0.56119,1.00000,1.78,25,25,44,44,1.78
DC,f,2000-2009,0,0.01175,0.01163,0.09,100000,1163,98937,7719102,77.19
DC,f,2000-2009,1-4,0.00036,0.00146,1.84,98837,144,395038,7620165,77.10
DC,f,2000-2009,5-9,0.00022,0.00108,2.54,98693,107,493202,7225128,73.21
DC,f,2000-2009,10-14,0.00020,0.00100,3.04,98586,99,492738,6731926,68.28
DC,f,2000-2009,15-19,0.00031,0.00154,2.24,98488,152,492020,6239188,63.35
DC,f,2000-2009,20-24,0.00045,0.00223,2.68,98336,219,491172,5747168,58.44
DC,f,2000-2009,25-29,0.00068,0.00339,2.71,98117,333,489825,5255997,53.57
DC,f,2000-2009,30-34,0.00111,0.00552,2.91,97784,540,487791,4766171,48.74
DC,f,2000-2009,35-39,0.00198,0.00986,2.76,97244,958,484071,4278381,44.00
DC,f,2000-2009,40-44,0.00391,0.01935,2.63,96286,1863,477019,3794310,39.41
DC,f,2000-2009,45-49,0.00530,0.02614,2.54,94423,2469,466053,3317291,35.13
DC,f,2000-2009,50-54,0.00665,0.03271,2.58,91954,3008,452503,2851238,31.01
DC,f,2000-2009,55-59,0.00824,0.04043,2.62,88946,3596,436183,2398735,26.97
DC,f,2000-2009,60-64,0.01105,0.05387,2.71,85351,4598,416202,1962552,22.99
DC,f,2000-2009,65-69,0.01692,0.08138,2.66,80753,6572,388360,1546350,19.15
DC,f,2000-2009,70-74,0.02383,0.11267,2.59,74181,8358,350791,1157990,15.61
DC,f,2000-2009,75-79,0.03585,0.16480,2.56,65824,10848,302611,807199,12.26
DC,f,2000-2009,80-84,0.06463,0.27947,2.58,54976,15364,237705,504588,9.18
DC,f,2000-2009,85-89,0.10737,0.42262,2.48,39612,16741,155924,266883,6.74
DC,f,2000-2009,90-94,0.17231,0.59034,2.33,22871,13502,78359,110959,4.85
DC,f,2000-2009,95-99,0.26365,0.74998,2.13,9369,7027,26652,32600,3.48
DC,f,2000-2009,100-104,0.38006,0.86844,1.87,2342,2034,5353,5948,2.54
DC,f,2000-2009,105-109,0.51209,0.93699,1.62,308,289,564,595,1.93
DC,f,2000-2009,110+,0.62161,1.00000,1.61,19,19,31,31,1.61
DC,f,2010-2019,0,0.00661,0.00657,0.07,100000,657,99390,8066954,80.67
DC,f,2010-2019,1-4,0.00023,0.00090,1.33,99343,90,397134,7967564,80.20
DC,f,2010-2019,5-9,0.00017,0.00085,2.64,99254,85,496069,7570430,76.27
DC,f,2010-2019,10-14,0.00014,0.00068,2.76,99169,68,495693,7074361,71.34
DC,f,2010-2019,15-19,0.00028,0.00142,2.21,99101,141,495111,6578669,66.38
DC,f,2010-2019,20-24,0.00030,0.00152,2.47,98960,151,494419,6083557,61.47
DC,f,2010-2019,25-29,0.00035,0.00177,2.61,98809,175,493629,5589138,56.56
DC,f,2010-2019,30-34,0.00056,0.00282,2.73,98635,278,492542,5095509,51.66
DC,f,2010-2019,35-39,0.00112,0.00558,2.72,98356,549,490529,4602967,46.80
DC,f,2010-2019,40-44,0.00179,0.00892,2.71,97807,873,487039,4112438,42.05
DC,f,2010-2019,45-49,0.00337,0.01670,2.68,96934,1618,480910,3625399,37.40
DC,f,2010-2019,50-54,0.00614,0.03026,2.68,95316,2884,469895,3144489,32.99
DC,f,2010-2019,55-59,0.00834,0.04086,2.57,92432,3777,452999,2674595,28.94
DC,f,2010-2019,60-64,0.01056,0.05152,2.62,88655,4567,432413,2221596,25.06
DC,f,2010-2019,65-69,0.01340,0.06487,2.53,84088,5454,406980,1789182,21.28
DC,f,2010-2019,70-74,0.01905,0.09103,2.56,78633,7158,375721,1382202,17.58
DC,f,2010-2019,75-79,0.02853,0.13353,2.6,71475,9544,334484,1006481,14.08
DC,f,2010-2019,80-84,0.04671,0.21027,2.63,61931,13022,278765,671997,10.85
DC,f,2010-2019,85-89,0.08008,0.33477,2.55,48909,16373,204463,393231,8.04
DC,f,2010-2019,90-94,0.13332,0.49646,2.43,32536,16153,121161,188768,5.80
DC,f,2010-2019,95-99,0.21258,0.67050,2.25,16383,10985,51673,67607,4.13
DC,f,2010-2019,100-104,0.32011,0.81715,2.01,5398,4411,13780,15934,2.95
DC,f,2010-2019,105-109,0.45021,0.91136,1.73,987,900,1998,2154,2.18
DC,f,2010-2019,110+,0.56216,1.00000,1.78,87,87,156,156,1.78
