PopName,Sex,Year,Age,mx,qx,ax,lx,dx,Lx,Tx,ex
NC,b,1960-1969,0,0.02993,0.02917,0.13,100000,2917,97466,6862767,68.63
NC,b,1960-1969,1-4,0.00113,0.00449,1.57,97083,436,387272,6765302,69.69
NC,b,1960-1969,5-9,0.00055,0.00273,2.31,96647,264,482521,6378029,65.99
NC,b,1960-1969,10-14,0.00050,0.00248,2.64,96382,239,481349,5895508,61.17
NC,b,1960-1969,15-19,0.00118,0.00587,2.84,96144,565,479497,5414159,56.31
NC,b,1960-1969,20-24,0.00155,0.00771,2.49,95579,737,476041,4934662,51.63
NC,b,1960-1969,25-29,0.00168,0.00838,2.54,94842,794,472254,4458621,47.01
NC,b,1960-1969,30-34,0.00218,0.01086,2.59,94047,1021,467773,3986367,42.39
NC,b,1960-1969,35-39,0.00309,0.01536,2.66,93026,1429,461790,3518594,37.82
NC,b,1960-1969,40-44,0.00472,0.02334,2.66,91597,2138,452978,3056804,33.37
NC,b,1960-1969,45-49,0.00702,0.03452,2.66,89459,3088,440069,2603826,29.11
NC,b,1960-1969,50-54,0.01052,0.05133,2.64,86371,4434,421377,2163757,25.05
NC,b,1960-1969,55-59,0.01509,0.07287,2.63,81937,5970,395550,1742381,21.26
NC,b,1960-1969,60-64,0.02209,0.10493,2.63,75966,7971,360916,1346831,17.73
NC,b,1960-1969,65-69,0.03280,0.15189,2.57,67995,10328,314860,985915,14.50
NC,b,1960-1969,70-74,0.04750,0.21283,2.56,57667,12273,258398,671056,11.64
NC,b,1960-1969,75-79,0.06888,0.29400,2.51,45394,13346,193746,412658,9.09
NC,b,1960-1969,80-84,0.10892,0.42784,2.49,32048,13712,125889,218912,6.83
NC,b,1960-1969,85-89,0.16747,0.57746,2.31,18337,10589,63229,93022,5.07
NC,b,1960-1969,90-94,0.23626,0.70701,2.16,7748,5478,23186,29793,3.85
NC,b,1960-1969,95-99,0.32742,0.82143,1.97,2270,1865,5695,6608,2.91
NC,b,1960-1969,100-104,0.43464,0.90099,1.75,405,365,840,913,2.25
NC,b,1960-1969,105-109,0.54916,0.94757,1.54,40,38,69,73,1.81
NC,b,1960-1969,110+,0.64199,1.00000,1.56,2,2,3,3,1.56
NC,b,1970-1979,0,0.02023,0.01987,0.1,100000,1987,98221,7092216,70.92
NC,b,1970-1979,1-4,0.00083,0.00332,1.7,98013,325,391305,6993996,71.36
NC,b,1970-1979,5-9,0.00044,0.00221,2.3,97688,216,487855,6602691,67.59
NC,b,1970-1979,10-14,0.00043,0.00213,2.76,97471,208,486893,6114836,62.73
NC,b,1970-1979,15-19,0.00114,0.00567,2.83,97264,552,485122,5627943,57.86
NC,b,1970-1979,20-24,0.00142,0.00708,2.5,96712,685,481845,5142821,53.18
NC,b,1970-1979,25-29,0.00148,0.00738,2.52,96027,709,478379,4660975,48.54
NC,b,1970-1979,30-34,0.00183,0.00913,2.64,95318,870,474537,4182596,43.88
NC,b,1970-1979,35-39,0.00266,0.01321,2.68,94448,1248,469344,3708059,39.26
NC,b,1970-1979,40-44,0.00412,0.02042,2.68,93200,1903,461584,3238715,34.75
NC,b,1970-1979,45-49,0.00630,0.03107,2.66,91297,2836,449858,2777131,30.42
NC,b,1970-1979,50-54,0.00949,0.04640,2.62,88461,4104,432533,2327274,26.31
NC,b,1970-1979,55-59,0.01384,0.06698,2.61,84357,5650,408277,1894741,22.46
NC,b,1970-1979,60-64,0.02011,0.09593,2.61,78707,7550,375512,1486464,18.89
NC,b,1970-1979,65-69,0.02830,0.13242,2.58,71157,9423,332960,1110952,15.61
NC,b,1970-1979,70-74,0.04199,0.19053,2.57,61734,11762,280124,777992,12.60
NC,b,1970-1979,75-79,0.06102,0.26529,2.54,49972,13257,217257,497868,9.96
NC,b,1970-1979,80-84,0.09275,0.37634,2.5,36715,13817,148973,280611,7.64
NC,b,1970-1979,85-89,0.14080,0.51440,2.38,22898,11779,83656,131639,5.75
NC,b,1970-1979,90-94,0.20467,0.65337,2.23,11119,7265,35494,47983,4.32
NC,b,1970-1979,95-99,0.28932,0.78039,2.05,3854,3008,10396,12489,3.24
NC,b,1970-1979,100-104,0.39262,0.87535,1.83,846,741,1887,2093,2.47
NC,b,1970-1979,105-109,0.50775,0.93417,1.62,106,99,194,206,1.95
NC,b,1970-1979,110+,0.60331,1.00000,1.66,7,7,12,12,1.66
NC,b,1980-1989,0,0.01283,0.01268,0.08,100000,1268,98839,7383037,73.83
NC,b,1980-1989,1-4,0.00058,0.00231,1.65,98732,228,394392,7284198,73.78
NC,b,1980-1989,5-9,0.00029,0.00144,2.45,98504,142,492158,6889806,69.94
NC,b,1980-1989,10-14,0.00031,0.00156,2.7,98362,153,491458,6397648,65.04
NC,b,1980-1989,15-19,0.00088,0.00437,2.78,98209,429,490089,5906190,60.14
NC,b,1980-1989,20-24,0.00110,0.00550,2.51,97779,538,487557,5416101,55.39
NC,b,1980-1989,25-29,0.00117,0.00583,2.59,97241,567,484840,4928544,50.68
NC,b,1980-1989,30-34,0.00147,0.00730,2.56,96674,706,481644,4443704,45.97
NC,b,1980-1989,35-39,0.00193,0.00959,2.63,95968,920,477658,3962060,41.29
NC,b,1980-1989,40-44,0.00293,0.01454,2.68,95047,1382,472030,3484402,36.66
NC,b,1980-1989,45-49,0.00461,0.02279,2.69,93665,2135,463386,3012372,32.16
NC,b,1980-1989,50-54,0.00731,0.03594,2.66,91531,3290,449968,2548986,27.85
NC,b,1980-1989,55-59,0.01138,0.05540,2.66,88241,4888,429746,2099019,23.79
NC,b,1980-1989,60-64,0.01723,0.08276,2.62,83352,6898,400331,1669273,20.03
NC,b,1980-1989,65-69,0.02499,0.11787,2.6,76454,9012,360648,1268941,16.60
NC,b,1980-1989,70-74,0.03691,0.16946,2.59,67442,11428,309664,908293,13.47
NC,b,1980-1989,75-79,0.05385,0.23776,2.54,56014,13318,247313,598629,10.69
NC,b,1980-1989,80-84,0.08134,0.33834,2.52,42696,14446,177606,351315,8.23
NC,b,1980-1989,85-89,0.12574,0.47437,2.41,28250,13401,106574,173710,6.15
NC,b,1980-1989,90-94,0.19126,0.62859,2.27,14849,9334,48805,67136,4.52
NC,b,1980-1989,95-99,0.27962,0.76968,2.08,5515,4245,15181,18332,3.32
NC,b,1980-1989,100-104,0.39051,0.87500,1.85,1270,1111,2846,3151,2.48
NC,b,1980-1989,105-109,0.51586,0.93784,1.61,159,149,289,305,1.92
NC,b,1980-1989,110+,0.62031,1.00000,1.61,10,10,16,16,1.61
NC,b,1990-1999,0,0.01012,0.01003,0.08,100000,1003,99074,7517048,75.17
NC,b,1990-1999,1-4,0.00044,0.00175,1.61,98997,173,395577,7417974,74.93
NC,b,1990-1999,5-9,0.00023,0.00113,2.46,98825,112,493839,7022398,71.06
NC,b,1990-1999,10-14,0.00027,0.00134,2.91,98713,132,493286,6528559,66.14
NC,b,1990-1999,15-19,0.00086,0.00430,2.79,98580,423,491967,6035273,61.22
NC,b,1990-1999,20-24,0.00106,0.00528,2.49,98157,518,489484,5543305,56.47
NC,b,1990-1999,25-29,0.00114,0.00567,2.6,97639,553,486867,5053822,51.76
NC,b,1990-1999,30-34,0.00151,0.00754,2.61,97085,732,483679,4566955,47.04
NC,b,1990-1999,35-39,0.00198,0.00985,2.61,96353,949,479496,4083276,42.38
NC,b,1990-1999,40-44,0.00273,0.01356,2.63,95404,1293,473957,3603780,37.77
NC,b,1990-1999,45-49,0.00398,0.01972,2.64,94111,1856,466174,3129824,33.26
NC,b,1990-1999,50-54,0.00607,0.02991,2.66,92255,2760,454809,2663650,28.87
NC,b,1990-1999,55-59,0.00950,0.04649,2.68,89495,4161,437808,2208841,24.68
NC,b,1990-1999,60-64,0.01493,0.07211,2.63,85334,6153,412095,1771033,20.75
NC,b,1990-1999,65-69,0.02215,0.10523,2.63,79181,8332,376115,1358938,17.16
NC,b,1990-1999,70-74,0.03338,0.15454,2.6,70849,10949,327970,982823,13.87
NC,b,1990-1999,75-79,0.04992,0.22253,2.56,59899,13330,267001,654853,10.93
NC,b,1990-1999,80-84,0.07798,0.32685,2.53,46570,15221,195191,387852,8.33
NC,b,1990-1999,85-89,0.12404,0.47053,2.44,31348,14750,118921,192661,6.15
NC,b,1990-1999,90-94,0.19421,0.63526,2.28,16598,10544,54291,73740,4.44
NC,b,1990-1999,95-99,0.29019,0.78358,2.07,6054,4744,16347,19449,3.21
NC,b,1990-1999,100-104,0.41059,0.88898,1.81,1310,1165,2837,3102,2.37
NC,b,1990-1999,105-109,0.54464,0.94756,1.56,145,138,253,265,1.82
NC,b,1990-1999,110+,0.65464,1.00000,1.53,8,8,12,12,1.53
NC,b,2000-2009,0,0.00858,0.00852,0.07,100000,852,99210,7663793,76.64
NC,b,2000-2009,1-4,0.00030,0.00122,1.61,99148,121,396305,7564584,76.30
NC,b,2000-2009,5-9,0.00016,0.00080,2.4,99028,80,494931,7168279,72.39
NC,b,2000-2009,10-14,0.00019,0.00096,2.86,98948,95,494537,6673347,67.44
NC,b,2000-2009,15-19,0.00069,0.00344,2.97,98853,340,493574,6178810,62.50
NC,b,2000-2009,20-24,0.00107,0.00534,2.56,98513,526,491283,5685236,57.71
NC,b,2000-2009,25-29,0.00110,0.00550,2.52,97987,539,488600,5193952,53.01
NC,b,2000-2009,30-34,0.00122,0.00608,2.62,97448,592,485830,4705353,48.29
NC,b,2000-2009,35-39,0.00171,0.00852,2.64,96856,826,482336,4219522,43.56
NC,b,2000-2009,40-44,0.00256,0.01271,2.67,96030,1221,477304,3737187,38.92
NC,b,2000-2009,45-49,0.00387,0.01919,2.66,94810,1819,469793,3259883,34.38
NC,b,2000-2009,50-54,0.00570,0.02810,2.63,92991,2613,458749,2790090,30.00
NC,b,2000-2009,55-59,0.00809,0.03969,2.64,90378,3587,443439,2331340,25.80
NC,b,2000-2009,60-64,0.01223,0.05943,2.64,86791,5158,421788,1887901,21.75
NC,b,2000-2009,65-69,0.01859,0.08903,2.62,81633,7268,390862,1466113,17.96
NC,b,2000-2009,70-74,0.02866,0.13411,2.61,74365,9974,348036,1075251,14.46
NC,b,2000-2009,75-79,0.04516,0.20375,2.6,64392,13120,290508,727215,11.29
NC,b,2000-2009,80-84,0.07233,0.30745,2.56,51272,15764,217936,436707,8.52
NC,b,2000-2009,85-89,0.12081,0.46275,2.47,35509,16432,136007,218770,6.16
NC,b,2000-2009,90-94,0.19809,0.64396,2.28,19077,12285,62018,82763,4.34
NC,b,2000-2009,95-99,0.30660,0.80399,2.04,6792,5461,17811,20745,3.05
NC,b,2000-2009,100-104,0.44324,0.90875,1.75,1331,1210,2730,2934,2.20
NC,b,2000-2009,105-109,0.59102,0.96020,1.48,121,117,197,204,1.68
NC,b,2000-2009,110+,0.70799,1.00000,1.41,5,5,7,7,1.41
NC,b,2010-2019,0,0.00708,0.00703,0.07,100000,703,99345,7797064,77.97
NC,b,2010-2019,1-4,0.00027,0.00108,1.58,99297,107,396928,7697719,77.52
NC,b,2010-2019,5-9,0.00012,0.00062,2.33,99190,61,495784,7300791,73.60
NC,b,2010-2019,10-14,0.00015,0.00077,2.75,99128,77,495468,6805006,68.65
NC,b,2010-2019,15-19,0.00051,0.00255,2.99,99052,252,494750,6309538,63.70
NC,b,2010-2019,20-24,0.00094,0.00470,2.62,98799,464,492891,5814788,58.85
NC,b,2010-2019,25-29,0.00117,0.00585,2.56,98335,575,490271,5321897,54.12
NC,b,2010-2019,30-34,0.00139,0.00692,2.56,97759,676,487146,4831626,49.42
NC,b,2010-2019,35-39,0.00168,0.00834,2.6,97083,810,483469,4344480,44.75
NC,b,2010-2019,40-44,0.00224,0.01112,2.64,96273,1071,478841,3861010,40.10
NC,b,2010-2019,45-49,0.00340,0.01688,2.68,95202,1607,472282,3382169,35.53
NC,b,2010-2019,50-54,0.00537,0.02651,2.65,93595,2481,462154,2909887,31.09
NC,b,2010-2019,55-59,0.00802,0.03936,2.63,91114,3587,447062,2447733,26.86
NC,b,2010-2019,60-64,0.01130,0.05502,2.61,87527,4816,426132,2000671,22.86
NC,b,2010-2019,65-69,0.01608,0.07744,2.62,82711,6405,398330,1574539,19.04
NC,b,2010-2019,70-74,0.02447,0.11566,2.63,76306,8826,360650,1176209,15.41
NC,b,2010-2019,75-79,0.03872,0.17717,2.61,67481,11956,308798,815559,12.09
NC,b,2010-2019,80-84,0.06279,0.27255,2.58,55525,15133,241002,506761,9.13
NC,b,2010-2019,85-89,0.10797,0.42524,2.5,40392,17176,159079,265759,6.58
NC,b,2010-2019,90-94,0.18254,0.61344,2.33,23216,14241,78018,106681,4.60
NC,b,2010-2019,95-99,0.29026,0.78607,2.08,8974,7054,24303,28662,3.19
NC,b,2010-2019,100-104,0.42884,0.90153,1.79,1920,1731,4036,4359,2.27
NC,b,2010-2019,105-109,0.58107,0.95815,1.5,189,181,312,323,1.71
NC,b,2010-2019,110+,0.70238,1.00000,1.42,8,8,11,11,1.42
