PopName,Sex,Year,Age,mx,qx,ax,lx,dx,Lx,Tx,ex
NC,m,1960-1969,0,0.03342,0.03248,0.13,100000,3248,97189,6471973,64.72
NC,m,1960-1969,1-4,0.00121,0.00481,1.58,96752,466,385878,6374783,65.89
NC,m,1960-1969,5-9,0.00063,0.00316,2.37,96286,304,480630,5988905,62.20
NC,m,1960-1969,10-14,0.00064,0.00318,2.68,95982,305,479203,5508275,57.39
NC,m,1960-1969,15-19,0.00170,0.00845,2.88,95677,809,476672,5029072,52.56
NC,m,1960-1969,20-24,0.00228,0.01133,2.47,94869,1074,471626,4552399,47.99
NC,m,1960-1969,25-29,0.00237,0.01180,2.52,93794,1106,466230,4080773,43.51
NC,m,1960-1969,30-34,0.00288,0.01430,2.53,92688,1326,460163,3614543,39.00
NC,m,1960-1969,35-39,0.00397,0.01969,2.66,91362,1799,452600,3154380,34.53
NC,m,1960-1969,40-44,0.00626,0.03085,2.66,89563,2763,441341,2701780,30.17
NC,m,1960-1969,45-49,0.00958,0.04683,2.67,86800,4065,424531,2260439,26.04
NC,m,1960-1969,50-54,0.01466,0.07084,2.64,82735,5861,399846,1835909,22.19
NC,m,1960-1969,55-59,0.02138,0.10173,2.62,76874,7820,365732,1436063,18.68
NC,m,1960-1969,60-64,0.03096,0.14409,2.6,69054,9950,321437,1070330,15.50
NC,m,1960-1969,65-69,0.04509,0.20289,2.53,59104,11991,265935,748893,12.67
NC,m,1960-1969,70-74,0.06200,0.26861,2.52,47112,12655,204124,482958,10.25
NC,m,1960-1969,75-79,0.08511,0.34984,2.46,34458,12055,141644,278834,8.09
NC,m,1960-1969,80-84,0.12847,0.48283,2.43,22403,10817,84200,137190,6.12
NC,m,1960-1969,85-89,0.19253,0.62804,2.23,11586,7277,37793,52990,4.57
NC,m,1960-1969,90-94,0.26304,0.74569,2.1,4309,3214,12217,15196,3.53
NC,m,1960-1969,95-99,0.35420,0.84503,1.91,1096,926,2615,2979,2.72
NC,m,1960-1969,100-104,0.45771,0.91223,1.7,170,155,338,365,2.15
NC,m,1960-1969,105-109,0.56533,0.95165,1.51,15,14,25,26,1.76
NC,m,1960-1969,110+,0.65148,1.00000,1.53,1,1,1,1,1.53
NC,m,1970-1979,0,0.02253,0.02208,0.11,100000,2208,98024,6652444,66.52
NC,m,1970-1979,1-4,0.00092,0.00367,1.74,97792,359,390354,6554420,67.02
NC,m,1970-1979,5-9,0.00051,0.00256,2.32,97433,249,486495,6164065,63.26
NC,m,1970-1979,10-14,0.00054,0.00270,2.82,97184,262,485347,5677570,58.42
NC,m,1970-1979,15-19,0.00164,0.00820,2.88,96922,794,482924,5192223,53.57
NC,m,1970-1979,20-24,0.00212,0.01053,2.49,96127,1012,478099,4709299,48.99
NC,m,1970-1979,25-29,0.00222,0.01105,2.52,95115,1051,472971,4231201,44.49
NC,m,1970-1979,30-34,0.00255,0.01265,2.61,94064,1190,467481,3758230,39.95
NC,m,1970-1979,35-39,0.00359,0.01778,2.67,92874,1652,460525,3290749,35.43
NC,m,1970-1979,40-44,0.00555,0.02737,2.67,91222,2497,450303,2830225,31.03
NC,m,1970-1979,45-49,0.00862,0.04224,2.65,88725,3748,434824,2379922,26.82
NC,m,1970-1979,50-54,0.01331,0.06452,2.62,84977,5483,411832,1945098,22.89
NC,m,1970-1979,55-59,0.01972,0.09416,2.61,79494,7485,379580,1533266,19.29
NC,m,1970-1979,60-64,0.02946,0.13759,2.61,72009,9907,336336,1153686,16.02
NC,m,1970-1979,65-69,0.04142,0.18805,2.55,62102,11678,281945,817350,13.16
NC,m,1970-1979,70-74,0.05930,0.25857,2.53,50424,13038,219882,535405,10.62
NC,m,1970-1979,75-79,0.08259,0.34179,2.48,37386,12778,154715,315523,8.44
NC,m,1970-1979,80-84,0.11992,0.45753,2.41,24608,11259,93889,160808,6.53
NC,m,1970-1979,85-89,0.17295,0.58945,2.3,13349,7868,45495,66920,5.01
NC,m,1970-1979,90-94,0.23395,0.70195,2.15,5480,3847,16444,21424,3.91
NC,m,1970-1979,95-99,0.31233,0.80428,1.98,1633,1314,4206,4980,3.05
NC,m,1970-1979,100-104,0.40288,0.88037,1.8,320,281,699,774,2.42
NC,m,1970-1979,105-109,0.50063,0.93009,1.62,38,36,71,76,1.98
NC,m,1970-1979,110+,0.58068,1.00000,1.72,3,3,5,5,1.72
NC,m,1980-1989,0,0.01413,0.01395,0.08,100000,1395,98720,6972777,69.73
NC,m,1980-1989,1-4,0.00066,0.00264,1.65,98605,260,393808,6874056,69.71
NC,m,1980-1989,5-9,0.00034,0.00171,2.48,98344,168,491297,6480249,65.89
NC,m,1980-1989,10-14,0.00040,0.00199,2.71,98176,196,490433,5988952,61.00
NC,m,1980-1989,15-19,0.00122,0.00611,2.81,97981,598,488593,5498519,56.12
NC,m,1980-1989,20-24,0.00162,0.00806,2.53,97382,785,484971,5009926,51.45
NC,m,1980-1989,25-29,0.00170,0.00845,2.58,96597,816,481010,4524955,46.84
NC,m,1980-1989,30-34,0.00206,0.01023,2.55,95781,980,476502,4043945,42.22
NC,m,1980-1989,35-39,0.00265,0.01314,2.62,94801,1246,471040,3567443,37.63
NC,m,1980-1989,40-44,0.00390,0.01930,2.67,93555,1806,463576,3096403,33.10
NC,m,1980-1989,45-49,0.00621,0.03062,2.68,91749,2809,452223,2632827,28.70
NC,m,1980-1989,50-54,0.01003,0.04899,2.66,88940,4357,434498,2180603,24.52
NC,m,1980-1989,55-59,0.01574,0.07588,2.66,84583,6419,407872,1746105,20.64
NC,m,1980-1989,60-64,0.02426,0.11462,2.6,78164,8959,369364,1338233,17.12
NC,m,1980-1989,65-69,0.03533,0.16275,2.59,69205,11263,318828,968869,14.00
NC,m,1980-1989,70-74,0.05288,0.23406,2.55,57942,13562,256478,650041,11.22
NC,m,1980-1989,75-79,0.07571,0.31804,2.49,44380,14115,186433,393563,8.87
NC,m,1980-1989,80-84,0.11154,0.43379,2.44,30265,13129,117701,207130,6.84
NC,m,1980-1989,85-89,0.16073,0.56049,2.3,17136,9605,59758,89430,5.22
NC,m,1980-1989,90-94,0.23034,0.69714,2.17,7532,5251,22795,29672,3.94
NC,m,1980-1989,95-99,0.31537,0.80850,1.99,2281,1844,5848,6877,3.01
NC,m,1980-1989,100-104,0.41453,0.88863,1.79,437,388,936,1029,2.36
NC,m,1980-1989,105-109,0.52126,0.93823,1.59,49,46,88,93,1.90
NC,m,1980-1989,110+,0.60837,1.00000,1.64,3,3,5,5,1.64
NC,m,1990-1999,0,0.01134,0.01122,0.08,100000,1122,98962,7157949,71.58
NC,m,1990-1999,1-4,0.00046,0.00185,1.59,98878,183,395070,7058987,71.39
NC,m,1990-1999,5-9,0.00025,0.00123,2.47,98695,121,493169,6663917,67.52
NC,m,1990-1999,10-14,0.00033,0.00167,2.93,98574,164,492530,6170748,62.60
NC,m,1990-1999,15-19,0.00122,0.00607,2.89,98410,597,490786,5678219,57.70
NC,m,1990-1999,20-24,0.00154,0.00765,2.49,97812,748,487181,5187433,53.03
NC,m,1990-1999,25-29,0.00161,0.00802,2.6,97064,778,483451,4700252,48.42
NC,m,1990-1999,30-34,0.00210,0.01043,2.61,96286,1004,479033,4216800,43.79
NC,m,1990-1999,35-39,0.00272,0.01349,2.59,95282,1286,473309,3737767,39.23
NC,m,1990-1999,40-44,0.00360,0.01782,2.63,93996,1675,466016,3264458,34.73
NC,m,1990-1999,45-49,0.00530,0.02617,2.62,92321,2416,455846,2798442,30.31
NC,m,1990-1999,50-54,0.00800,0.03927,2.66,89905,3530,441255,2342596,26.06
NC,m,1990-1999,55-59,0.01255,0.06096,2.67,86374,5266,419595,1901342,22.01
NC,m,1990-1999,60-64,0.01965,0.09385,2.62,81109,7612,387425,1481746,18.27
NC,m,1990-1999,65-69,0.02960,0.13828,2.62,73497,10163,343333,1094322,14.89
NC,m,1990-1999,70-74,0.04463,0.20132,2.57,63333,12750,285669,750988,11.86
NC,m,1990-1999,75-79,0.06764,0.28972,2.53,50583,14655,216672,465320,9.20
NC,m,1990-1999,80-84,0.10597,0.41772,2.47,35928,15008,141622,248648,6.92
NC,m,1990-1999,85-89,0.16248,0.56671,2.33,20920,11856,72967,107026,5.12
NC,m,1990-1999,90-94,0.24177,0.71662,2.16,9065,6496,26868,34059,3.76
NC,m,1990-1999,95-99,0.34146,0.83553,1.94,2569,2146,6285,7192,2.80
NC,m,1990-1999,100-104,0.45758,0.91342,1.71,422,386,843,906,2.14
NC,m,1990-1999,105-109,0.57897,0.95595,1.5,37,35,60,63,1.72
NC,m,1990-1999,110+,0.67547,1.00000,1.48,2,2,2,2,1.48
NC,m,2000-2009,0,0.00944,0.00936,0.07,100000,936,99130,7377517,73.78
NC,m,2000-2009,1-4,0.00033,0.00132,1.63,99064,131,395946,7278388,73.47
NC,m,2000-2009,5-9,0.00017,0.00087,2.47,98933,86,494449,6882441,69.57
NC,m,2000-2009,10-14,0.00023,0.00114,2.92,98848,113,494003,6387992,64.62
NC,m,2000-2009,15-19,0.00094,0.00471,3.03,98734,465,492756,5893989,59.70
NC,m,2000-2009,20-24,0.00160,0.00794,2.58,98270,781,489455,5401234,54.96
NC,m,2000-2009,25-29,0.00160,0.00796,2.48,97489,776,485488,4911778,50.38
NC,m,2000-2009,30-34,0.00163,0.00813,2.59,96712,787,481667,4426290,45.77
NC,m,2000-2009,35-39,0.00216,0.01075,2.64,95926,1031,477196,3944623,41.12
NC,m,2000-2009,40-44,0.00317,0.01575,2.65,94895,1495,470966,3467428,36.54
NC,m,2000-2009,45-49,0.00488,0.02413,2.67,93400,2253,461759,2996461,32.08
NC,m,2000-2009,50-54,0.00733,0.03605,2.63,91146,3286,447941,2534702,27.81
NC,m,2000-2009,55-59,0.01037,0.05059,2.62,87861,4445,428729,2086761,23.75
NC,m,2000-2009,60-64,0.01542,0.07440,2.64,83416,6206,402414,1658032,19.88
NC,m,2000-2009,65-69,0.02325,0.11012,2.61,77210,8502,365702,1255618,16.26
NC,m,2000-2009,70-74,0.03583,0.16495,2.6,68708,11333,316304,889916,12.95
NC,m,2000-2009,75-79,0.05644,0.24819,2.57,57374,14240,252281,573612,10.00
NC,m,2000-2009,80-84,0.09087,0.37078,2.52,43134,15994,175995,321331,7.45
NC,m,2000-2009,85-89,0.14844,0.53565,2.4,27141,14538,97940,145336,5.35
NC,m,2000-2009,90-94,0.23894,0.71413,2.18,12603,9000,37666,47396,3.76
NC,m,2000-2009,95-99,0.35411,0.84877,1.93,3603,3058,8636,9730,2.70
NC,m,2000-2009,100-104,0.49005,0.92921,1.66,545,506,1033,1094,2.01
NC,m,2000-2009,105-109,0.62851,0.96736,1.42,39,37,59,61,1.58
NC,m,2000-2009,110+,0.73435,1.00000,1.36,1,1,2,2,1.36
NC,m,2010-2019,0,0.00771,0.00766,0.07,100000,766,99284,7539558,75.40
NC,m,2010-2019,1-4,0.00031,0.00123,1.62,99234,122,396646,7440274,74.98
NC,m,2010-2019,5-9,0.00014,0.00070,2.32,99112,70,495373,7043628,71.07
NC,m,2010-2019,10-14,0.00018,0.00091,2.83,99042,91,495015,6548255,66.12
NC,m,2010-2019,15-19,0.00072,0.00359,3.03,98952,356,494059,6053240,61.17
NC,m,2010-2019,20-24,0.00135,0.00674,2.63,98596,664,491404,5559181,56.38
NC,m,2010-2019,25-29,0.00165,0.00824,2.56,97932,807,487689,5067777,51.75
NC,m,2010-2019,30-34,0.00185,0.00919,2.54,97125,893,483426,4580088,47.16
NC,m,2010-2019,35-39,0.00213,0.01060,2.58,96232,1020,478691,4096663,42.57
NC,m,2010-2019,40-44,0.00275,0.01368,2.62,95212,1302,472967,3617972,38.00
NC,m,2010-2019,45-49,0.00410,0.02033,2.68,93910,1909,465121,3145005,33.49
NC,m,2010-2019,50-54,0.00663,0.03265,2.66,92001,3003,452970,2679884,29.13
NC,m,2010-2019,55-59,0.01011,0.04938,2.64,88998,4394,434597,2226914,25.02
NC,m,2010-2019,60-64,0.01447,0.06993,2.61,84603,5916,408866,1792318,21.18
NC,m,2010-2019,65-69,0.02006,0.09569,2.6,78687,7529,375403,1383452,17.58
NC,m,2010-2019,70-74,0.02987,0.13944,2.62,71158,9922,332197,1008049,14.17
NC,m,2010-2019,75-79,0.04652,0.20914,2.59,61236,12807,275287,675853,11.04
NC,m,2010-2019,80-84,0.07477,0.31588,2.55,48429,15298,204597,400565,8.27
NC,m,2010-2019,85-89,0.12669,0.47941,2.46,33131,15883,125368,195968,5.91
NC,m,2010-2019,90-94,0.21315,0.67300,2.26,17248,11608,54458,70600,4.09
NC,m,2010-2019,95-99,0.33065,0.82879,1.99,5640,4674,14137,16142,2.86
NC,m,2010-2019,100-104,0.47249,0.92264,1.7,966,891,1886,2005,2.08
NC,m,2010-2019,105-109,0.62000,0.96614,1.44,75,72,116,120,1.60
NC,m,2010-2019,110+,0.73323,1.00000,1.36,3,3,3,3,1.36
