PopName,Sex,Year,Age,mx,qx,ax,lx,dx,Lx,Tx,ex
IN,f,1960-1969,0,0.02005,0.01970,0.11,100000,1970,98245,7401488,74.01
IN,f,1960-1969,1-4,0.00086,0.00345,1.6,98030,338,391309,7303243,74.50
IN,f,1960-1969,5-9,0.00039,0.00193,2.26,97692,188,487947,6911934,70.75
IN,f,1960-1969,10-14,0.00032,0.00161,2.66,97504,157,487153,6423988,65.88
IN,f,1960-1969,15-19,0.00058,0.00289,2.71,97347,281,486091,5936834,60.99
IN,f,1960-1969,20-24,0.00072,0.00359,2.51,97066,348,484462,5450743,56.16
IN,f,1960-1969,25-29,0.00086,0.00429,2.69,96718,415,482628,4966281,51.35
IN,f,1960-1969,30-34,0.00115,0.00574,2.69,96302,552,480235,4483653,46.56
IN,f,1960-1969,35-39,0.00169,0.00842,2.7,95750,806,476898,4003418,41.81
IN,f,1960-1969,40-44,0.00257,0.01279,2.69,94944,1214,471914,3526520,37.14
IN,f,1960-1969,45-49,0.00395,0.01956,2.66,93730,1833,464351,3054606,32.59
IN,f,1960-1969,50-54,0.00597,0.02946,2.65,91897,2707,453117,2590255,28.19
IN,f,1960-1969,55-59,0.00882,0.04318,2.64,89189,3851,436857,2137138,23.96
IN,f,1960-1969,60-64,0.01377,0.06670,2.64,85338,5692,413265,1700280,19.92
IN,f,1960-1969,65-69,0.02136,0.10167,2.63,79646,8097,379079,1287016,16.16
IN,f,1960-1969,70-74,0.03552,0.16383,2.63,71549,11722,329986,907936,12.69
IN,f,1960-1969,75-79,0.05871,0.25719,2.59,59827,15387,262092,577950,9.66
IN,f,1960-1969,80-84,0.09796,0.39423,2.53,44440,17520,178844,315859,7.11
IN,f,1960-1969,85-89,0.16093,0.56554,2.37,26921,15225,94603,137014,5.09
IN,f,1960-1969,90-94,0.25030,0.73021,2.15,11696,8541,34121,42411,3.63
IN,f,1960-1969,95-99,0.36552,0.85772,1.91,3155,2707,7405,8290,2.63
IN,f,1960-1969,100-104,0.49947,0.93262,1.64,449,419,838,886,1.97
IN,f,1960-1969,105-109,0.63452,0.96831,1.41,30,29,46,47,1.57
IN,f,1960-1969,110+,0.73738,1.00000,1.36,1,1,1,1,1.36
IN,f,1970-1979,0,0.01418,0.01400,0.09,100000,1400,98730,7598993,75.99
IN,f,1970-1979,1-4,0.00067,0.00269,1.67,98600,265,393783,7500263,76.07
IN,f,1970-1979,5-9,0.00031,0.00153,2.2,98335,151,491251,7106481,72.27
IN,f,1970-1979,10-14,0.00028,0.00142,2.71,98184,139,490600,6615229,67.38
IN,f,1970-1979,15-19,0.00058,0.00290,2.72,98045,284,489575,6124629,62.47
IN,f,1970-1979,20-24,0.00061,0.00306,2.49,97760,300,488051,5635054,57.64
IN,f,1970-1979,25-29,0.00071,0.00356,2.57,97461,347,486460,5147002,52.81
IN,f,1970-1979,30-34,0.00094,0.00471,2.67,97114,457,484505,4660542,47.99
IN,f,1970-1979,35-39,0.00147,0.00733,2.69,96656,708,481648,4176038,43.21
IN,f,1970-1979,40-44,0.00231,0.01149,2.69,95948,1102,477190,3694390,38.50
IN,f,1970-1979,45-49,0.00363,0.01798,2.68,94846,1705,470275,3217200,33.92
IN,f,1970-1979,50-54,0.00541,0.02672,2.65,93141,2489,459856,2746925,29.49
IN,f,1970-1979,55-59,0.00801,0.03930,2.62,90652,3562,444788,2287069,25.23
IN,f,1970-1979,60-64,0.01252,0.06079,2.66,87090,5295,423047,1842281,21.15
IN,f,1970-1979,65-69,0.01930,0.09228,2.64,81795,7548,391177,1419235,17.35
IN,f,1970-1979,70-74,0.03002,0.14012,2.63,74247,10404,346547,1028058,13.85
IN,f,1970-1979,75-79,0.04978,0.22238,2.6,63843,14197,285182,681510,10.67
IN,f,1970-1979,80-84,0.08242,0.34294,2.55,49646,17025,206567,396329,7.98
IN,f,1970-1979,85-89,0.13386,0.49736,2.42,32620,16224,121202,189761,5.82
IN,f,1970-1979,90-94,0.21040,0.66589,2.24,16396,10918,51892,68559,4.18
IN,f,1970-1979,95-99,0.30950,0.80528,2.02,5478,4411,14254,16667,3.04
IN,f,1970-1979,100-104,0.43160,0.90100,1.77,1067,961,2227,2413,2.26
IN,f,1970-1979,105-109,0.56305,0.95245,1.53,106,101,179,186,1.76
IN,f,1970-1979,110+,0.66862,1.00000,1.5,5,5,8,8,1.50
IN,f,1980-1989,0,0.00970,0.00962,0.08,100000,962,99116,7805834,78.06
IN,f,1980-1989,1-4,0.00049,0.00195,1.63,99038,193,395696,7706718,77.82
IN,f,1980-1989,5-9,0.00023,0.00113,2.3,98845,112,493924,7311022,73.96
IN,f,1980-1989,10-14,0.00021,0.00104,2.51,98733,102,493412,6817099,69.05
IN,f,1980-1989,15-19,0.00045,0.00223,2.67,98631,220,492643,6323687,64.11
IN,f,1980-1989,20-24,0.00052,0.00261,2.5,98411,257,491415,5831044,59.25
IN,f,1980-1989,25-29,0.00055,0.00274,2.54,98155,269,490114,5339628,54.40
IN,f,1980-1989,30-34,0.00072,0.00360,2.68,97886,353,488612,4849515,49.54
IN,f,1980-1989,35-39,0.00101,0.00506,2.65,97534,493,486510,4360903,44.71
IN,f,1980-1989,40-44,0.00168,0.00838,2.71,97040,813,483338,3874393,39.93
IN,f,1980-1989,45-49,0.00285,0.01417,2.68,96227,1363,477968,3391055,35.24
IN,f,1980-1989,50-54,0.00463,0.02288,2.64,94864,2170,469190,2913087,30.71
IN,f,1980-1989,55-59,0.00724,0.03558,2.69,92694,3298,455861,2443897,26.37
IN,f,1980-1989,60-64,0.01156,0.05626,2.65,89395,5029,435169,1988036,22.24
IN,f,1980-1989,65-69,0.01727,0.08298,2.63,84366,7000,405229,1552867,18.41
IN,f,1980-1989,70-74,0.02696,0.12669,2.63,77366,9801,363609,1147639,14.83
IN,f,1980-1989,75-79,0.04244,0.19260,2.6,67564,13013,306644,784029,11.60
IN,f,1980-1989,80-84,0.06942,0.29715,2.58,54551,16210,233504,477385,8.75
IN,f,1980-1989,85-89,0.11688,0.45056,2.46,38341,17275,147799,243881,6.36
IN,f,1980-1989,90-94,0.18678,0.62259,2.32,21066,13116,70220,96082,4.56
IN,f,1980-1989,95-99,0.28553,0.77855,2.08,7951,6190,21678,25862,3.25
IN,f,1980-1989,100-104,0.40876,0.88813,1.82,1761,1564,3825,4184,2.38
IN,f,1980-1989,105-109,0.54490,0.94771,1.56,197,187,343,358,1.82
IN,f,1980-1989,110+,0.65564,1.00000,1.53,10,10,16,16,1.53
IN,f,1990-1999,0,0.00781,0.00776,0.07,100000,776,99282,7869616,78.70
IN,f,1990-1999,1-4,0.00040,0.00161,1.62,99224,160,396517,7770334,78.31
IN,f,1990-1999,5-9,0.00019,0.00096,2.28,99064,95,495062,7373817,74.43
IN,f,1990-1999,10-14,0.00018,0.00092,2.64,98969,91,494629,6878755,69.50
IN,f,1990-1999,15-19,0.00047,0.00234,2.6,98878,231,493835,6384126,64.57
IN,f,1990-1999,20-24,0.00046,0.00232,2.56,98647,229,492675,5890291,59.71
IN,f,1990-1999,25-29,0.00055,0.00276,2.66,98418,272,491452,5397616,54.84
IN,f,1990-1999,30-34,0.00077,0.00382,2.64,98146,375,489843,4906164,49.99
IN,f,1990-1999,35-39,0.00109,0.00543,2.58,97770,531,487567,4416321,45.17
IN,f,1990-1999,40-44,0.00156,0.00778,2.66,97240,757,484425,3928753,40.40
IN,f,1990-1999,45-49,0.00250,0.01245,2.74,96483,1201,479706,3444328,35.70
IN,f,1990-1999,50-54,0.00402,0.01993,2.66,95282,1899,471966,2964622,31.11
IN,f,1990-1999,55-59,0.00664,0.03270,2.7,93383,3054,459885,2492656,26.69
IN,f,1990-1999,60-64,0.01086,0.05294,2.66,90329,4782,440472,2032771,22.50
IN,f,1990-1999,65-69,0.01693,0.08139,2.64,85547,6963,411305,1592299,18.61
IN,f,1990-1999,70-74,0.02640,0.12421,2.63,78584,9761,369757,1180994,15.03
IN,f,1990-1999,75-79,0.04047,0.18448,2.6,68824,12696,313686,811237,11.79
IN,f,1990-1999,80-84,0.06706,0.28839,2.57,56127,16187,241380,497551,8.86
IN,f,1990-1999,85-89,0.11377,0.44190,2.47,39941,17650,155130,256170,6.41
IN,f,1990-1999,90-94,0.18730,0.62286,2.31,22291,13884,74129,101040,4.53
IN,f,1990-1999,95-99,0.29046,0.78514,2.07,8407,6601,22724,26912,3.20
IN,f,1990-1999,100-104,0.41970,0.89529,1.8,1806,1617,3853,4187,2.32
IN,f,1990-1999,105-109,0.56141,0.95263,1.53,189,180,321,334,1.77
IN,f,1990-1999,110+,0.67549,1.00000,1.48,9,9,13,13,1.48
IN,f,2000-2009,0,0.00713,0.00708,0.07,100000,708,99343,7928593,79.29
IN,f,2000-2009,1-4,0.00033,0.00132,1.52,99292,131,396843,7829250,78.85
IN,f,2000-2009,5-9,0.00015,0.00074,2.5,99161,73,495623,7432407,74.95
IN,f,2000-2009,10-14,0.00015,0.00075,2.89,99088,74,495283,6936785,70.01
IN,f,2000-2009,15-19,0.00039,0.00193,2.67,99014,191,494623,6441502,65.06
IN,f,2000-2009,20-24,0.00048,0.00239,2.6,98822,236,493545,5946879,60.18
IN,f,2000-2009,25-29,0.00059,0.00293,2.62,98586,288,492245,5453333,55.32
IN,f,2000-2009,30-34,0.00076,0.00381,2.62,98298,374,490600,4961089,50.47
IN,f,2000-2009,35-39,0.00113,0.00564,2.71,97923,552,488350,4470489,45.65
IN,f,2000-2009,40-44,0.00182,0.00906,2.67,97371,882,484797,3982139,40.90
IN,f,2000-2009,45-49,0.00269,0.01334,2.63,96489,1288,479390,3497342,36.25
IN,f,2000-2009,50-54,0.00402,0.01989,2.64,95202,1894,471541,3017952,31.70
IN,f,2000-2009,55-59,0.00603,0.02974,2.66,93308,2775,460040,2546412,27.29
IN,f,2000-2009,60-64,0.00988,0.04828,2.67,90533,4371,442472,2086372,23.05
IN,f,2000-2009,65-69,0.01541,0.07438,2.66,86162,6409,415803,1643900,19.08
IN,f,2000-2009,70-74,0.02431,0.11498,2.65,79753,9170,377220,1228098,15.40
IN,f,2000-2009,75-79,0.03836,0.17569,2.61,70583,12400,323273,850878,12.06
IN,f,2000-2009,80-84,0.06306,0.27367,2.59,58182,15922,252480,527605,9.07
IN,f,2000-2009,85-89,0.10926,0.42923,2.5,42260,18139,166014,275125,6.51
IN,f,2000-2009,90-94,0.18660,0.62295,2.33,24121,15026,80524,109112,4.52
IN,f,2000-2009,95-99,0.29605,0.79264,2.07,9095,7209,24350,28588,3.14
IN,f,2000-2009,100-104,0.43385,0.90402,1.77,1886,1705,3930,4238,2.25
IN,f,2000-2009,105-109,0.58339,0.95852,1.5,181,174,297,308,1.70
IN,f,2000-2009,110+,0.70179,1.00000,1.42,8,8,11,11,1.42
IN,f,2010-2019,0,0.00639,0.00635,0.07,100000,635,99410,7978081,79.78
IN,f,2010-2019,1-4,0.00027,0.00106,1.5,99365,105,397196,7878671,79.29
IN,f,2010-2019,5-9,0.00012,0.00060,2.34,99259,60,496139,7481475,75.37
IN,f,2010-2019,10-14,0.00013,0.00066,2.58,99200,65,495842,6985336,70.42
IN,f,2010-2019,15-19,0.00033,0.00164,2.88,99135,162,495329,6489493,65.46
IN,f,2010-2019,20-24,0.00053,0.00267,2.73,98973,264,494262,5994164,60.56
IN,f,2010-2019,25-29,0.00080,0.00399,2.65,98708,394,492617,5499902,55.72
IN,f,2010-2019,30-34,0.00102,0.00510,2.65,98315,502,490392,5007285,50.93
IN,f,2010-2019,35-39,0.00135,0.00672,2.62,97813,657,487502,4516893,46.18
IN,f,2010-2019,40-44,0.00188,0.00934,2.69,97155,907,483682,4029391,41.47
IN,f,2010-2019,45-49,0.00285,0.01417,2.66,96248,1363,478044,3545708,36.84
IN,f,2010-2019,50-54,0.00439,0.02173,2.63,94885,2062,469541,3067664,32.33
IN,f,2010-2019,55-59,0.00627,0.03091,2.63,92822,2869,457326,2598123,27.99
IN,f,2010-2019,60-64,0.00913,0.04467,2.65,89954,4019,440318,2140797,23.80
IN,f,2010-2019,65-69,0.01373,0.06652,2.65,85935,5717,416229,1700479,19.79
IN,f,2010-2019,70-74,0.02222,0.10554,2.63,80218,8467,381026,1284251,16.01
IN,f,2010-2019,75-79,0.03550,0.16365,2.62,71752,11742,330787,903224,12.59
IN,f,2010-2019,80-84,0.05739,0.25214,2.59,60009,15131,263644,572437,9.54
IN,f,2010-2019,85-89,0.09871,0.39651,2.52,44879,17795,180283,308793,6.88
IN,f,2010-2019,90-94,0.17415,0.59650,2.36,27084,16156,92768,128511,4.74
IN,f,2010-2019,95-99,0.28194,0.77619,2.11,10928,8482,30086,35743,3.27
IN,f,2010-2019,100-104,0.42027,0.89675,1.8,2446,2193,5219,5656,2.31
IN,f,2010-2019,105-109,0.57294,0.95620,1.52,253,241,421,437,1.73
IN,f,2010-2019,110+,0.69488,1.00000,1.44,11,11,16,16,1.44
