PopName,Sex,Year,Age,mx,qx,ax,lx,dx,Lx,Tx,ex
IA,m,1960-1969,0,0.02308,0.02261,0.11,100000,2261,97980,6873332,68.73
IA,m,1960-1969,1-4,0.00090,0.00358,1.7,97739,350,390149,6775351,69.32
IA,m,1960-1969,5-9,0.00047,0.00233,2.4,97389,227,486354,6385202,65.56
IA,m,1960-1969,10-14,0.00053,0.00265,2.7,97162,257,485216,5898848,60.71
IA,m,1960-1969,15-19,0.00159,0.00793,2.9,96904,768,482906,5413632,55.87
IA,m,1960-1969,20-24,0.00193,0.00959,2.41,96136,922,478289,4930726,51.29
IA,m,1960-1969,25-29,0.00161,0.00802,2.38,95214,764,474066,4452436,46.76
IA,m,1960-1969,30-34,0.00163,0.00812,2.56,94450,767,470376,3978370,42.12
IA,m,1960-1969,35-39,0.00222,0.01106,2.66,93683,1036,465989,3507994,37.45
IA,m,1960-1969,40-44,0.00347,0.01723,2.73,92647,1596,459611,3042004,32.83
IA,m,1960-1969,45-49,0.00598,0.02950,2.69,91051,2686,449041,2582393,28.36
IA,m,1960-1969,50-54,0.00983,0.04806,2.7,88365,4247,432067,2133352,24.14
IA,m,1960-1969,55-59,0.01583,0.07633,2.66,84118,6421,405589,1701285,20.22
IA,m,1960-1969,60-64,0.02421,0.11445,2.61,77697,8892,367233,1295697,16.68
IA,m,1960-1969,65-69,0.03612,0.16610,2.59,68805,11429,316435,928464,13.49
IA,m,1960-1969,70-74,0.05399,0.23854,2.56,57377,13686,253488,612029,10.67
IA,m,1960-1969,75-79,0.08130,0.33776,2.5,43690,14757,181507,358541,8.21
IA,m,1960-1969,80-84,0.12542,0.47476,2.44,28933,13737,109520,177034,6.12
IA,m,1960-1969,85-89,0.19406,0.63419,2.27,15197,9638,49663,67514,4.44
IA,m,1960-1969,90-94,0.29091,0.78444,2.06,5559,4361,14990,17851,3.21
IA,m,1960-1969,95-99,0.40704,0.88627,1.82,1198,1062,2609,2861,2.39
IA,m,1960-1969,100-104,0.53575,0.94448,1.57,136,129,240,252,1.85
IA,m,1960-1969,105-109,0.66086,0.97238,1.37,8,7,11,11,1.51
IA,m,1960-1969,110+,0.75463,1.00000,1.33,0,0,0,0,1.33
IA,m,1970-1979,0,0.01647,0.01622,0.09,100000,1622,98522,7014350,70.14
IA,m,1970-1979,1-4,0.00073,0.00291,1.7,98378,286,392854,6915827,70.30
IA,m,1970-1979,5-9,0.00042,0.00212,2.46,98092,208,489930,6522973,66.50
IA,m,1970-1979,10-14,0.00048,0.00239,2.81,97884,234,488907,6033043,61.63
IA,m,1970-1979,15-19,0.00151,0.00751,2.91,97650,733,486717,5544136,56.78
IA,m,1970-1979,20-24,0.00193,0.00959,2.45,96917,930,482217,5057419,52.18
IA,m,1970-1979,25-29,0.00143,0.00715,2.47,95987,686,478201,4575201,47.66
IA,m,1970-1979,30-34,0.00152,0.00758,2.57,95301,722,474752,4097001,42.99
IA,m,1970-1979,35-39,0.00208,0.01035,2.63,94579,979,470571,3622249,38.30
IA,m,1970-1979,40-44,0.00312,0.01551,2.7,93600,1452,464654,3151678,33.67
IA,m,1970-1979,45-49,0.00531,0.02623,2.65,92148,2417,455061,2687024,29.16
IA,m,1970-1979,50-54,0.00854,0.04187,2.71,89731,3757,440036,2231963,24.87
IA,m,1970-1979,55-59,0.01392,0.06740,2.67,85974,5795,416395,1791927,20.84
IA,m,1970-1979,60-64,0.02240,0.10639,2.65,80179,8530,380830,1375532,17.16
IA,m,1970-1979,65-69,0.03479,0.16060,2.61,71649,11507,330753,994702,13.88
IA,m,1970-1979,70-74,0.05194,0.23043,2.56,60142,13859,266835,663949,11.04
IA,m,1970-1979,75-79,0.07873,0.32913,2.51,46283,15233,193495,397114,8.58
IA,m,1970-1979,80-84,0.11531,0.44494,2.43,31050,13815,119812,203619,6.56
IA,m,1970-1979,85-89,0.17404,0.59153,2.29,17235,10195,58576,83807,4.86
IA,m,1970-1979,90-94,0.25658,0.73874,2.13,7040,5201,20269,25231,3.58
IA,m,1970-1979,95-99,0.35617,0.84803,1.91,1839,1560,4379,4962,2.70
IA,m,1970-1979,100-104,0.47136,0.91960,1.68,280,257,545,583,2.09
IA,m,1970-1979,105-109,0.59021,0.95850,1.48,22,22,36,38,1.68
IA,m,1970-1979,110+,0.68408,1.00000,1.46,1,1,1,1,1.46
IA,m,1980-1989,0,0.01054,0.01044,0.07,100000,1044,99033,7285939,72.86
IA,m,1980-1989,1-4,0.00051,0.00203,1.64,98956,201,395349,7186906,72.63
IA,m,1980-1989,5-9,0.00027,0.00137,2.36,98755,135,493418,6791557,68.77
IA,m,1980-1989,10-14,0.00035,0.00175,2.82,98620,173,492722,6298139,63.86
IA,m,1980-1989,15-19,0.00115,0.00572,2.9,98447,564,491052,5805417,58.97
IA,m,1980-1989,20-24,0.00138,0.00686,2.43,97883,672,487686,5314365,54.29
IA,m,1980-1989,25-29,0.00129,0.00641,2.49,97211,623,484493,4826679,49.65
IA,m,1980-1989,30-34,0.00120,0.00596,2.55,96589,576,481536,4342186,44.96
IA,m,1980-1989,35-39,0.00165,0.00821,2.68,96013,788,478238,3860650,40.21
IA,m,1980-1989,40-44,0.00238,0.01183,2.64,95225,1126,473464,3382412,35.52
IA,m,1980-1989,45-49,0.00397,0.01967,2.72,94099,1851,466272,2908948,30.91
IA,m,1980-1989,50-54,0.00670,0.03298,2.73,92248,3042,454331,2442675,26.48
IA,m,1980-1989,55-59,0.01159,0.05645,2.69,89205,5035,434395,1988344,22.29
IA,m,1980-1989,60-64,0.01818,0.08716,2.63,84170,7336,403482,1553949,18.46
IA,m,1980-1989,65-69,0.02834,0.13279,2.63,76834,10202,360030,1150467,14.97
IA,m,1980-1989,70-74,0.04491,0.20282,2.61,66632,13514,300898,790438,11.86
IA,m,1980-1989,75-79,0.06811,0.29152,2.53,53118,15485,227350,489540,9.22
IA,m,1980-1989,80-84,0.10520,0.41460,2.45,37633,15603,148312,262190,6.97
IA,m,1980-1989,85-89,0.15986,0.56096,2.34,22030,12358,77305,113878,5.17
IA,m,1980-1989,90-94,0.24044,0.71453,2.16,9672,6911,28743,36573,3.78
IA,m,1980-1989,95-99,0.33661,0.83096,1.95,2761,2294,6816,7830,2.84
IA,m,1980-1989,100-104,0.45117,0.91019,1.72,467,425,942,1014,2.17
IA,m,1980-1989,105-109,0.57159,0.95404,1.51,42,40,70,73,1.74
IA,m,1980-1989,110+,0.66772,1.00000,1.5,2,2,3,3,1.50
IA,m,1990-1999,0,0.00849,0.00842,0.07,100000,842,99215,7463734,74.64
IA,m,1990-1999,1-4,0.00045,0.00178,1.68,99158,177,396222,7364519,74.27
IA,m,1990-1999,5-9,0.00022,0.00110,2.28,98981,109,494610,6968297,70.40
IA,m,1990-1999,10-14,0.00027,0.00133,2.82,98873,131,494077,6473687,65.48
IA,m,1990-1999,15-19,0.00094,0.00469,2.82,98741,463,492697,5979611,60.56
IA,m,1990-1999,20-24,0.00120,0.00597,2.49,98278,587,489914,5486913,55.83
IA,m,1990-1999,25-29,0.00110,0.00548,2.46,97691,535,487097,4996999,51.15
IA,m,1990-1999,30-34,0.00133,0.00661,2.55,97156,642,484203,4509902,46.42
IA,m,1990-1999,35-39,0.00160,0.00799,2.62,96513,771,480731,4025699,41.71
IA,m,1990-1999,40-44,0.00223,0.01108,2.68,95743,1061,476250,3544969,37.03
IA,m,1990-1999,45-49,0.00325,0.01614,2.65,94681,1528,469816,3068718,32.41
IA,m,1990-1999,50-54,0.00551,0.02721,2.67,93154,2535,459858,2598903,27.90
IA,m,1990-1999,55-59,0.00902,0.04419,2.68,90619,4005,443792,2139045,23.60
IA,m,1990-1999,60-64,0.01507,0.07277,2.63,86614,6303,418158,1695252,19.57
IA,m,1990-1999,65-69,0.02425,0.11469,2.64,80311,9211,379817,1277094,15.90
IA,m,1990-1999,70-74,0.03795,0.17388,2.59,71100,12363,325749,897277,12.62
IA,m,1990-1999,75-79,0.05960,0.26019,2.56,58737,15283,256406,571528,9.73
IA,m,1990-1999,80-84,0.09714,0.39088,2.5,43455,16985,174846,315122,7.25
IA,m,1990-1999,85-89,0.15304,0.54695,2.39,26469,14477,94597,140276,5.30
IA,m,1990-1999,90-94,0.23570,0.70905,2.19,11992,8503,36075,45679,3.81
IA,m,1990-1999,95-99,0.34717,0.84185,1.94,3489,2937,8461,9604,2.75
IA,m,1990-1999,100-104,0.47433,0.92201,1.69,552,509,1073,1143,2.07
IA,m,1990-1999,105-109,0.60567,0.96254,1.46,43,41,68,71,1.64
IA,m,1990-1999,110+,0.70812,1.00000,1.41,2,2,2,2,1.41
IA,m,2000-2009,0,0.00596,0.00593,0.06,100000,593,99443,7645887,76.46
IA,m,2000-2009,1-4,0.00032,0.00129,1.55,99407,129,397314,7546443,75.91
IA,m,2000-2009,5-9,0.00018,0.00088,2.34,99279,88,496161,7149129,72.01
IA,m,2000-2009,10-14,0.00019,0.00097,2.8,99191,96,495745,6652968,67.07
IA,m,2000-2009,15-19,0.00074,0.00371,2.89,99096,367,494704,6157223,62.13
IA,m,2000-2009,20-24,0.00100,0.00498,2.57,98728,492,492446,5662519,57.35
IA,m,2000-2009,25-29,0.00104,0.00520,2.57,98236,511,489939,5170073,52.63
IA,m,2000-2009,30-34,0.00104,0.00520,2.57,97726,508,487393,4680134,47.89
IA,m,2000-2009,35-39,0.00156,0.00775,2.68,97218,754,484337,4192741,43.13
IA,m,2000-2009,40-44,0.00223,0.01110,2.7,96464,1071,479852,3708405,38.44
IA,m,2000-2009,45-49,0.00336,0.01668,2.65,95393,1591,473218,3228552,33.84
IA,m,2000-2009,50-54,0.00523,0.02583,2.65,93802,2423,463310,2755334,29.37
IA,m,2000-2009,55-59,0.00793,0.03891,2.64,91379,3556,448517,2292024,25.08
IA,m,2000-2009,60-64,0.01250,0.06075,2.68,87823,5335,426734,1843507,20.99
IA,m,2000-2009,65-69,0.01973,0.09428,2.65,82488,7777,394160,1416772,17.18
IA,m,2000-2009,70-74,0.03085,0.14375,2.63,74711,10740,348086,1022613,13.69
IA,m,2000-2009,75-79,0.04903,0.21915,2.58,63971,14019,285959,674526,10.54
IA,m,2000-2009,80-84,0.08278,0.34375,2.54,49952,17171,207438,388567,7.78
IA,m,2000-2009,85-89,0.14089,0.51621,2.41,32781,16922,120107,181129,5.53
IA,m,2000-2009,90-94,0.23077,0.70341,2.22,15859,11155,48339,61022,3.85
IA,m,2000-2009,95-99,0.35418,0.84978,1.94,4704,3997,11286,12682,2.70
IA,m,2000-2009,100-104,0.49814,0.93297,1.65,707,659,1323,1397,1.98
IA,m,2000-2009,105-109,0.64369,0.97031,1.4,47,46,71,73,1.55
IA,m,2000-2009,110+,0.75310,1.00000,1.33,1,1,2,2,1.33
IA,m,2010-2019,0,0.00553,0.00550,0.06,100000,550,99483,7707605,77.08
IA,m,2010-2019,1-4,0.00027,0.00107,1.69,99450,106,397555,7608122,76.50
IA,m,2010-2019,5-9,0.00014,0.00069,2.42,99344,68,496542,7210567,72.58
IA,m,2010-2019,10-14,0.00020,0.00100,2.86,99275,100,496164,6714025,67.63
IA,m,2010-2019,15-19,0.00062,0.00308,2.8,99176,306,495205,6217861,62.70
IA,m,2010-2019,20-24,0.00093,0.00465,2.62,98870,460,493257,5722655,57.88
IA,m,2010-2019,25-29,0.00115,0.00575,2.62,98410,566,490704,5229398,53.14
IA,m,2010-2019,30-34,0.00136,0.00678,2.48,97845,663,487552,4738694,48.43
IA,m,2010-2019,35-39,0.00162,0.00805,2.6,97182,782,484029,4251142,43.74
IA,m,2010-2019,40-44,0.00230,0.01145,2.61,96399,1103,479358,3767113,39.08
IA,m,2010-2019,45-49,0.00347,0.01723,2.68,95296,1642,472673,3287755,34.50
IA,m,2010-2019,50-54,0.00560,0.02763,2.64,93654,2588,462160,2815082,30.06
IA,m,2010-2019,55-59,0.00841,0.04123,2.64,91066,3754,446483,2352922,25.84
IA,m,2010-2019,60-64,0.01213,0.05895,2.65,87312,5147,424442,1906439,21.83
IA,m,2010-2019,65-69,0.01777,0.08531,2.65,82165,7010,394359,1481997,18.04
IA,m,2010-2019,70-74,0.02766,0.12977,2.62,75155,9753,352600,1087638,14.47
IA,m,2010-2019,75-79,0.04387,0.19851,2.61,65403,12983,295946,735037,11.24
IA,m,2010-2019,80-84,0.07210,0.30664,2.56,52420,16074,222940,439091,8.38
IA,m,2010-2019,85-89,0.12421,0.47270,2.47,36346,17181,138321,216151,5.95
IA,m,2010-2019,90-94,0.21428,0.67617,2.27,19165,12959,60477,77830,4.06
IA,m,2010-2019,95-99,0.33918,0.83757,1.98,6206,5198,15325,17353,2.80
IA,m,2010-2019,100-104,0.48886,0.92998,1.67,1008,937,1918,2027,2.01
IA,m,2010-2019,105-109,0.64197,0.97030,1.4,71,68,107,109,1.55
IA,m,2010-2019,110+,0.75682,1.00000,1.32,2,2,3,3,1.32
