PopName,Sex,Year,Age,mx,qx,ax,lx,dx,Lx,Tx,ex
RI,f,1960-1969,0,0.01981,0.01947,0.11,100000,1947,98264,7427877,74.28
RI,f,1960-1969,1-4,0.00069,0.00277,1.76,98053,271,391605,7329613,74.75
RI,f,1960-1969,5-9,0.00027,0.00136,2.3,97782,133,488552,6938007,70.95
RI,f,1960-1969,10-14,0.00020,0.00100,2.67,97649,98,488019,6449456,66.05
RI,f,1960-1969,15-19,0.00034,0.00170,2.67,97552,166,487372,5961436,61.11
RI,f,1960-1969,20-24,0.00042,0.00211,2.69,97386,206,486456,5474064,56.21
RI,f,1960-1969,25-29,0.00069,0.00347,2.67,97180,337,485115,4987608,51.32
RI,f,1960-1969,30-34,0.00084,0.00418,2.51,96843,405,483209,4502493,46.49
RI,f,1960-1969,35-39,0.00150,0.00745,2.74,96439,719,480572,4019284,41.68
RI,f,1960-1969,40-44,0.00205,0.01019,2.73,95720,975,476388,3538712,36.97
RI,f,1960-1969,45-49,0.00365,0.01808,2.66,94745,1713,469718,3062324,32.32
RI,f,1960-1969,50-54,0.00602,0.02966,2.63,93032,2759,458626,2592606,27.87
RI,f,1960-1969,55-59,0.00881,0.04314,2.64,90272,3894,442169,2133981,23.64
RI,f,1960-1969,60-64,0.01368,0.06632,2.7,86378,5729,418703,1691812,19.59
RI,f,1960-1969,65-69,0.02282,0.10825,2.64,80649,8730,382636,1273109,15.79
RI,f,1960-1969,70-74,0.03819,0.17503,2.62,71919,12588,329605,890473,12.38
RI,f,1960-1969,75-79,0.06302,0.27341,2.58,59331,16222,257393,560869,9.45
RI,f,1960-1969,80-84,0.10094,0.40236,2.48,43109,17345,171837,303476,7.04
RI,f,1960-1969,85-89,0.16080,0.56430,2.36,25764,14539,90417,131638,5.11
RI,f,1960-1969,90-94,0.24701,0.72607,2.16,11225,8150,32996,41221,3.67
RI,f,1960-1969,95-99,0.35853,0.85158,1.92,3075,2619,7304,8225,2.67
RI,f,1960-1969,100-104,0.48755,0.92762,1.66,456,423,868,921,2.02
RI,f,1960-1969,105-109,0.61909,0.96528,1.44,33,32,52,53,1.61
RI,f,1960-1969,110+,0.72067,1.00000,1.39,1,1,2,2,1.39
RI,f,1970-1979,0,0.01353,0.01337,0.09,100000,1337,98785,7684959,76.85
RI,f,1970-1979,1-4,0.00045,0.00180,1.54,98663,177,394216,7586174,76.89
RI,f,1970-1979,5-9,0.00024,0.00119,2.14,98486,117,492094,7191958,73.03
RI,f,1970-1979,10-14,0.00021,0.00107,2.75,98369,105,491606,6699863,68.11
RI,f,1970-1979,15-19,0.00038,0.00191,2.81,98263,187,490906,6208257,63.18
RI,f,1970-1979,20-24,0.00049,0.00245,2.45,98076,240,489768,5717350,58.29
RI,f,1970-1979,25-29,0.00057,0.00283,2.61,97836,277,488516,5227582,53.43
RI,f,1970-1979,30-34,0.00077,0.00383,2.7,97558,374,486931,4739066,48.58
RI,f,1970-1979,35-39,0.00125,0.00621,2.72,97184,604,484546,4252134,43.75
RI,f,1970-1979,40-44,0.00208,0.01034,2.67,96581,998,480576,3767589,39.01
RI,f,1970-1979,45-49,0.00329,0.01632,2.61,95582,1560,474190,3287013,34.39
RI,f,1970-1979,50-54,0.00497,0.02456,2.61,94023,2309,464595,2812822,29.92
RI,f,1970-1979,55-59,0.00777,0.03819,2.7,91713,3502,450513,2348228,25.60
RI,f,1970-1979,60-64,0.01193,0.05800,2.63,88211,5117,428924,1897715,21.51
RI,f,1970-1979,65-69,0.01773,0.08509,2.64,83094,7070,398753,1468791,17.68
RI,f,1970-1979,70-74,0.02978,0.13916,2.64,76024,10579,355199,1070037,14.08
RI,f,1970-1979,75-79,0.04836,0.21633,2.56,65445,14158,292748,714838,10.92
RI,f,1970-1979,80-84,0.07856,0.32934,2.55,51287,16891,214993,422090,8.23
RI,f,1970-1979,85-89,0.12778,0.48103,2.43,34396,16545,129483,207097,6.02
RI,f,1970-1979,90-94,0.19981,0.64617,2.27,17851,11535,57726,77613,4.35
RI,f,1970-1979,95-99,0.29739,0.79180,2.05,6316,5001,16816,19887,3.15
RI,f,1970-1979,100-104,0.41698,0.89254,1.8,1315,1174,2815,3071,2.34
RI,f,1970-1979,105-109,0.54750,0.94810,1.55,141,134,245,256,1.81
RI,f,1970-1979,110+,0.65336,1.00000,1.53,7,7,11,11,1.53
RI,f,1980-1989,0,0.00868,0.00861,0.08,100000,861,99205,7898483,78.98
RI,f,1980-1989,1-4,0.00031,0.00124,1.69,99139,123,396273,7799277,78.67
RI,f,1980-1989,5-9,0.00019,0.00094,2.36,99016,93,494836,7403004,74.77
RI,f,1980-1989,10-14,0.00017,0.00084,2.61,98923,83,494418,6908168,69.83
RI,f,1980-1989,15-19,0.00030,0.00151,2.65,98840,149,493850,6413750,64.89
RI,f,1980-1989,20-24,0.00038,0.00192,2.63,98691,190,493006,5919900,59.98
RI,f,1980-1989,25-29,0.00048,0.00242,2.69,98501,238,491958,5426894,55.09
RI,f,1980-1989,30-34,0.00064,0.00320,2.61,98263,314,490566,4934936,50.22
RI,f,1980-1989,35-39,0.00093,0.00463,2.75,97949,453,488727,4444370,45.37
RI,f,1980-1989,40-44,0.00162,0.00809,2.67,97496,788,485646,3955642,40.57
RI,f,1980-1989,45-49,0.00261,0.01297,2.7,96708,1255,480652,3469996,35.88
RI,f,1980-1989,50-54,0.00450,0.02225,2.68,95453,2124,472332,2989344,31.32
RI,f,1980-1989,55-59,0.00646,0.03183,2.66,93330,2971,459706,2517013,26.97
RI,f,1980-1989,60-64,0.01046,0.05109,2.72,90359,4616,441249,2057307,22.77
RI,f,1980-1989,65-69,0.01597,0.07696,2.65,85743,6599,413202,1616057,18.85
RI,f,1980-1989,70-74,0.02447,0.11572,2.65,79144,9158,374208,1202855,15.20
RI,f,1980-1989,75-79,0.03949,0.18045,2.62,69985,12629,319832,828647,11.84
RI,f,1980-1989,80-84,0.06806,0.29211,2.58,57356,16754,246178,508815,8.87
RI,f,1980-1989,85-89,0.11372,0.44165,2.47,40602,17932,157680,262637,6.47
RI,f,1980-1989,90-94,0.18306,0.61348,2.31,22670,13908,75973,104956,4.63
RI,f,1980-1989,95-99,0.27993,0.77159,2.09,8762,6761,24152,28983,3.31
RI,f,1980-1989,100-104,0.40179,0.88366,1.83,2001,1769,4402,4831,2.41
RI,f,1980-1989,105-109,0.53732,0.94542,1.57,233,220,410,429,1.84
RI,f,1980-1989,110+,0.64810,1.00000,1.54,13,13,20,20,1.54
RI,f,1990-1999,0,0.00614,0.00611,0.07,100000,611,99432,8020710,80.21
RI,f,1990-1999,1-4,0.00022,0.00088,1.67,99389,88,397353,7921278,79.70
RI,f,1990-1999,5-9,0.00015,0.00073,2.46,99302,72,496325,7523926,75.77
RI,f,1990-1999,10-14,0.00014,0.00071,2.77,99229,70,495991,7027601,70.82
RI,f,1990-1999,15-19,0.00026,0.00127,2.57,99159,126,495490,6531610,65.87
RI,f,1990-1999,20-24,0.00030,0.00148,2.87,99033,147,494851,6036121,60.95
RI,f,1990-1999,25-29,0.00043,0.00214,2.88,98886,211,493981,5541269,56.04
RI,f,1990-1999,30-34,0.00068,0.00338,2.65,98675,334,492590,5047288,51.15
RI,f,1990-1999,35-39,0.00103,0.00512,2.6,98341,503,490495,4554698,46.32
RI,f,1990-1999,40-44,0.00142,0.00708,2.67,97838,692,487577,4064202,41.54
RI,f,1990-1999,45-49,0.00231,0.01147,2.68,97145,1114,483137,3576625,36.82
RI,f,1990-1999,50-54,0.00353,0.01749,2.68,96031,1680,476257,3093488,32.21
RI,f,1990-1999,55-59,0.00629,0.03100,2.72,94352,2925,465078,2617232,27.74
RI,f,1990-1999,60-64,0.00978,0.04777,2.59,91426,4368,446584,2152154,23.54
RI,f,1990-1999,65-69,0.01463,0.07074,2.66,87059,6158,420859,1705570,19.59
RI,f,1990-1999,70-74,0.02196,0.10436,2.63,80900,8443,384532,1284711,15.88
RI,f,1990-1999,75-79,0.03492,0.16117,2.62,72458,11678,334445,900179,12.42
RI,f,1990-1999,80-84,0.06018,0.26294,2.6,60780,15981,265557,565733,9.31
RI,f,1990-1999,85-89,0.10528,0.41704,2.51,44798,18683,177461,300176,6.70
RI,f,1990-1999,90-94,0.17746,0.60284,2.34,26116,15744,88717,122715,4.70
RI,f,1990-1999,95-99,0.28172,0.77527,2.1,10372,8041,28542,33998,3.28
RI,f,1990-1999,100-104,0.41498,0.89309,1.81,2331,2082,5017,5456,2.34
RI,f,1990-1999,105-109,0.56239,0.95323,1.53,249,238,422,439,1.76
RI,f,1990-1999,110+,0.68107,1.00000,1.47,12,12,17,17,1.47
RI,f,2000-2009,0,0.00604,0.00600,0.07,100000,600,99442,8103016,81.03
RI,f,2000-2009,1-4,0.00016,0.00063,1.44,99400,63,397438,8003575,80.52
RI,f,2000-2009,5-9,0.00009,0.00044,2.37,99337,44,496570,7606137,76.57
RI,f,2000-2009,10-14,0.00013,0.00067,2.57,99293,66,496305,7109566,71.60
RI,f,2000-2009,15-19,0.00026,0.00129,2.58,99227,128,495825,6613261,66.65
RI,f,2000-2009,20-24,0.00032,0.00161,2.64,99099,160,495117,6117436,61.73
RI,f,2000-2009,25-29,0.00045,0.00226,2.73,98939,224,494187,5622319,56.83
RI,f,2000-2009,30-34,0.00054,0.00271,2.51,98715,268,492910,5128132,51.95
RI,f,2000-2009,35-39,0.00083,0.00412,2.64,98447,406,491279,4635222,47.08
RI,f,2000-2009,40-44,0.00150,0.00749,2.65,98042,735,488479,4143942,42.27
RI,f,2000-2009,45-49,0.00236,0.01171,2.67,97307,1140,483884,3655463,37.57
RI,f,2000-2009,50-54,0.00326,0.01618,2.66,96167,1556,477202,3171579,32.98
RI,f,2000-2009,55-59,0.00504,0.02489,2.75,94612,2355,467748,2694378,28.48
RI,f,2000-2009,60-64,0.00812,0.03983,2.66,92256,3674,452668,2226630,24.14
RI,f,2000-2009,65-69,0.01294,0.06281,2.68,88582,5564,430003,1773962,20.03
RI,f,2000-2009,70-74,0.01988,0.09499,2.65,83018,7886,396592,1343959,16.19
RI,f,2000-2009,75-79,0.03326,0.15417,2.64,75133,11583,348296,947367,12.61
RI,f,2000-2009,80-84,0.05622,0.24809,2.63,63549,15766,280429,599071,9.43
RI,f,2000-2009,85-89,0.10355,0.41239,2.53,47783,19705,190297,318643,6.67
RI,f,2000-2009,90-94,0.18227,0.61426,2.35,28078,17247,94624,128345,4.57
RI,f,2000-2009,95-99,0.29848,0.79673,2.07,10831,8629,28910,33721,3.11
RI,f,2000-2009,100-104,0.44681,0.91173,1.75,2202,2007,4492,4811,2.19
RI,f,2000-2009,105-109,0.60632,0.96398,1.46,194,187,309,319,1.64
RI,f,2000-2009,110+,0.72992,1.00000,1.37,7,7,10,10,1.37
RI,f,2010-2019,0,0.00552,0.00549,0.07,100000,549,99488,8224761,82.25
RI,f,2010-2019,1-4,0.00012,0.00050,2.12,99451,49,397710,8125273,81.70
RI,f,2010-2019,5-9,0.00007,0.00036,2.58,99401,35,496921,7727563,77.74
RI,f,2010-2019,10-14,0.00010,0.00050,2.64,99366,50,496711,7230642,72.77
RI,f,2010-2019,15-19,0.00018,0.00092,2.53,99316,91,496353,6733931,67.80
RI,f,2010-2019,20-24,0.00028,0.00138,2.75,99225,137,495814,6237578,62.86
RI,f,2010-2019,25-29,0.00052,0.00260,2.65,99087,257,494833,5741764,57.95
RI,f,2010-2019,30-34,0.00070,0.00351,2.67,98830,347,493343,5246931,53.09
RI,f,2010-2019,35-39,0.00092,0.00458,2.57,98483,451,491317,4753588,48.27
RI,f,2010-2019,40-44,0.00130,0.00647,2.6,98032,634,488640,4262271,43.48
RI,f,2010-2019,45-49,0.00204,0.01015,2.64,97398,989,484652,3773631,38.74
RI,f,2010-2019,50-54,0.00301,0.01495,2.6,96409,1441,478586,3288979,34.11
RI,f,2010-2019,55-59,0.00490,0.02420,2.58,94968,2298,469286,2810393,29.59
RI,f,2010-2019,60-64,0.00688,0.03387,2.64,92670,3138,455953,2341106,25.26
RI,f,2010-2019,65-69,0.01094,0.05332,2.65,89531,4774,436445,1885153,21.06
RI,f,2010-2019,70-74,0.01738,0.08350,2.68,84757,7077,407333,1448708,17.09
RI,f,2010-2019,75-79,0.02937,0.13735,2.64,77680,10669,363269,1041375,13.41
RI,f,2010-2019,80-84,0.04823,0.21649,2.64,67011,14507,300764,678106,10.12
RI,f,2010-2019,85-89,0.09037,0.37054,2.57,52503,19455,215289,377343,7.19
RI,f,2010-2019,90-94,0.16430,0.57539,2.4,33049,19016,115743,162054,4.90
RI,f,2010-2019,95-99,0.27761,0.77235,2.13,14033,10838,39040,46311,3.30
RI,f,2010-2019,100-104,0.42712,0.90191,1.8,3194,2881,6745,7271,2.28
RI,f,2010-2019,105-109,0.59213,0.96128,1.49,313,301,509,526,1.68
RI,f,2010-2019,110+,0.72165,1.00000,1.39,12,12,17,17,1.39
