PopName,Sex,Year,Age,mx,qx,ax,lx,dx,Lx,Tx,ex
RI,m,1960-1969,0,0.02581,0.02523,0.11,100000,2523,97765,6779657,67.80
RI,m,1960-1969,1-4,0.00077,0.00309,1.69,97477,301,389210,6681892,68.55
RI,m,1960-1969,5-9,0.00049,0.00246,2.39,97175,239,485253,6292682,64.76
RI,m,1960-1969,10-14,0.00041,0.00205,2.81,96936,199,484246,5807429,59.91
RI,m,1960-1969,15-19,0.00083,0.00415,2.8,96737,401,482803,5323183,55.03
RI,m,1960-1969,20-24,0.00106,0.00528,2.44,96336,508,480380,4840380,50.24
RI,m,1960-1969,25-29,0.00110,0.00547,2.5,95828,524,477829,4360000,45.50
RI,m,1960-1969,30-34,0.00134,0.00668,2.47,95304,636,474910,3882171,40.73
RI,m,1960-1969,35-39,0.00219,0.01088,2.76,94667,1030,471027,3407261,35.99
RI,m,1960-1969,40-44,0.00370,0.01836,2.72,93638,1719,464276,2936234,31.36
RI,m,1960-1969,45-49,0.00644,0.03175,2.69,91919,2919,452863,2471958,26.89
RI,m,1960-1969,50-54,0.01130,0.05509,2.71,89000,4903,433749,2019095,22.69
RI,m,1960-1969,55-59,0.01871,0.08965,2.68,84097,7539,402998,1585346,18.85
RI,m,1960-1969,60-64,0.02957,0.13820,2.64,76557,10580,357771,1182347,15.44
RI,m,1960-1969,65-69,0.04399,0.19858,2.55,65977,13101,297803,824577,12.50
RI,m,1960-1969,70-74,0.06420,0.27672,2.51,52876,14632,227900,526774,9.96
RI,m,1960-1969,75-79,0.08995,0.36554,2.44,38244,13980,155422,298873,7.81
RI,m,1960-1969,80-84,0.13406,0.49713,2.4,24264,12062,89977,143451,5.91
RI,m,1960-1969,85-89,0.20013,0.64532,2.25,12202,7874,39345,53474,4.38
RI,m,1960-1969,90-94,0.28654,0.77737,2.06,4328,3364,11741,14129,3.26
RI,m,1960-1969,95-99,0.39139,0.87464,1.84,963,843,2153,2388,2.48
RI,m,1960-1969,100-104,0.50735,0.93404,1.62,121,113,222,235,1.95
RI,m,1960-1969,105-109,0.62319,0.96540,1.43,8,8,12,13,1.60
RI,m,1960-1969,110+,0.71289,1.00000,1.4,0,0,0,0,1.40
RI,m,1970-1979,0,0.01843,0.01813,0.09,100000,1813,98359,6952759,69.53
RI,m,1970-1979,1-4,0.00060,0.00241,1.83,98187,237,392234,6854400,69.81
RI,m,1970-1979,5-9,0.00035,0.00174,2.34,97950,171,489298,6462166,65.97
RI,m,1970-1979,10-14,0.00031,0.00157,2.56,97780,153,488525,5972868,61.08
RI,m,1970-1979,15-19,0.00110,0.00549,2.82,97626,536,486963,5484342,56.18
RI,m,1970-1979,20-24,0.00120,0.00598,2.53,97090,580,484018,4997380,51.47
RI,m,1970-1979,25-29,0.00132,0.00657,2.43,96510,634,480922,4513362,46.77
RI,m,1970-1979,30-34,0.00156,0.00776,2.54,95876,744,477548,4032440,42.06
RI,m,1970-1979,35-39,0.00221,0.01099,2.63,95131,1045,473183,3554892,37.37
RI,m,1970-1979,40-44,0.00371,0.01840,2.73,94086,1732,466493,3081710,32.75
RI,m,1970-1979,45-49,0.00600,0.02958,2.71,92354,2732,455522,2615217,28.32
RI,m,1970-1979,50-54,0.01006,0.04915,2.63,89622,4405,437656,2159694,24.10
RI,m,1970-1979,55-59,0.01537,0.07421,2.68,85218,6324,411402,1722038,20.21
RI,m,1970-1979,60-64,0.02460,0.11632,2.66,78894,9177,372985,1310636,16.61
RI,m,1970-1979,65-69,0.03820,0.17488,2.59,69717,12192,319191,937650,13.45
RI,m,1970-1979,70-74,0.05535,0.24365,2.55,57525,14016,253241,618459,10.75
RI,m,1970-1979,75-79,0.08226,0.34130,2.51,43509,14850,180522,365218,8.39
RI,m,1970-1979,80-84,0.12078,0.46007,2.41,28659,13185,109163,184695,6.44
RI,m,1970-1979,85-89,0.17570,0.59532,2.29,15474,9212,52430,75532,4.88
RI,m,1970-1979,90-94,0.24897,0.72616,2.13,6262,4547,18264,23103,3.69
RI,m,1970-1979,95-99,0.33959,0.83238,1.94,1715,1427,4203,4839,2.82
RI,m,1970-1979,100-104,0.44347,0.90522,1.73,287,260,587,636,2.21
RI,m,1970-1979,105-109,0.55281,0.94828,1.54,27,26,47,49,1.80
RI,m,1970-1979,110+,0.64087,1.00000,1.56,1,1,2,2,1.56
RI,m,1980-1989,0,0.01101,0.01090,0.07,100000,1090,98992,7189444,71.89
RI,m,1980-1989,1-4,0.00039,0.00155,1.82,98910,154,395306,7090453,71.69
RI,m,1980-1989,5-9,0.00022,0.00108,2.41,98757,107,493508,6695147,67.79
RI,m,1980-1989,10-14,0.00028,0.00141,2.53,98650,140,492905,6201639,62.87
RI,m,1980-1989,15-19,0.00079,0.00392,2.9,98511,386,491740,5708734,57.95
RI,m,1980-1989,20-24,0.00124,0.00620,2.46,98124,608,489074,5216994,53.17
RI,m,1980-1989,25-29,0.00134,0.00668,2.51,97516,652,485954,4727920,48.48
RI,m,1980-1989,30-34,0.00166,0.00829,2.57,96864,803,482375,4241966,43.79
RI,m,1980-1989,35-39,0.00187,0.00930,2.54,96062,894,478112,3759591,39.14
RI,m,1980-1989,40-44,0.00277,0.01377,2.67,95168,1310,472791,3281479,34.48
RI,m,1980-1989,45-49,0.00469,0.02322,2.74,93858,2179,464364,2808688,29.93
RI,m,1980-1989,50-54,0.00817,0.04009,2.7,91678,3675,449941,2344324,25.57
RI,m,1980-1989,55-59,0.01301,0.06314,2.66,88003,5557,426998,1894384,21.53
RI,m,1980-1989,60-64,0.02071,0.09868,2.62,82447,8136,392838,1467386,17.80
RI,m,1980-1989,65-69,0.03043,0.14191,2.63,74311,10545,346526,1074547,14.46
RI,m,1980-1989,70-74,0.04868,0.21767,2.57,63765,13880,285119,728021,11.42
RI,m,1980-1989,75-79,0.07361,0.31140,2.53,49886,15534,211024,442902,8.88
RI,m,1980-1989,80-84,0.11133,0.43339,2.45,34352,14888,133729,231878,6.75
RI,m,1980-1989,85-89,0.16713,0.57716,2.32,19464,11234,67215,98149,5.04
RI,m,1980-1989,90-94,0.24252,0.71724,2.15,8230,5903,24340,30934,3.76
RI,m,1980-1989,95-99,0.33740,0.83110,1.95,2327,1934,5732,6594,2.83
RI,m,1980-1989,100-104,0.44716,0.90771,1.73,393,357,798,862,2.19
RI,m,1980-1989,105-109,0.56268,0.95141,1.52,36,35,61,64,1.76
RI,m,1980-1989,110+,0.65534,1.00000,1.53,2,2,3,3,1.53
RI,m,1990-1999,0,0.00787,0.00782,0.07,100000,782,99270,7414126,74.14
RI,m,1990-1999,1-4,0.00032,0.00129,1.56,99218,128,396561,7314856,73.72
RI,m,1990-1999,5-9,0.00017,0.00086,2.57,99090,85,495245,6918295,69.82
RI,m,1990-1999,10-14,0.00023,0.00113,2.81,99005,112,494781,6423050,64.88
RI,m,1990-1999,15-19,0.00064,0.00318,2.9,98893,314,493807,5928270,59.95
RI,m,1990-1999,20-24,0.00100,0.00500,2.58,98579,493,491703,5434463,55.13
RI,m,1990-1999,25-29,0.00108,0.00539,2.69,98086,529,489206,4942760,50.39
RI,m,1990-1999,30-34,0.00150,0.00745,2.63,97557,727,486059,4453554,45.65
RI,m,1990-1999,35-39,0.00210,0.01047,2.55,96830,1014,481671,3967494,40.97
RI,m,1990-1999,40-44,0.00290,0.01440,2.61,95816,1380,475787,3485823,36.38
RI,m,1990-1999,45-49,0.00403,0.01995,2.62,94437,1884,467697,3010036,31.87
RI,m,1990-1999,50-54,0.00605,0.02980,2.65,92552,2758,456278,2542339,27.47
RI,m,1990-1999,55-59,0.00973,0.04761,2.72,89794,4276,439217,2086062,23.23
RI,m,1990-1999,60-64,0.01639,0.07887,2.63,85519,6745,411606,1646845,19.26
RI,m,1990-1999,65-69,0.02569,0.12105,2.62,78773,9536,371214,1235240,15.68
RI,m,1990-1999,70-74,0.03924,0.17937,2.61,69238,12419,316512,864026,12.48
RI,m,1990-1999,75-79,0.06015,0.26205,2.55,56818,14890,247541,547514,9.64
RI,m,1990-1999,80-84,0.09966,0.39862,2.49,41929,16714,167713,299973,7.15
RI,m,1990-1999,85-89,0.15635,0.55332,2.36,25215,13952,89236,132261,5.25
RI,m,1990-1999,90-94,0.23617,0.70867,2.18,11263,7982,33797,43025,3.82
RI,m,1990-1999,95-99,0.33931,0.83415,1.95,3281,2737,8067,9228,2.81
RI,m,1990-1999,100-104,0.45997,0.91500,1.71,544,498,1083,1161,2.13
RI,m,1990-1999,105-109,0.58609,0.95791,1.49,46,44,76,78,1.70
RI,m,1990-1999,110+,0.68587,1.00000,1.46,2,2,3,3,1.46
RI,m,2000-2009,0,0.00719,0.00714,0.06,100000,714,99332,7592743,75.93
RI,m,2000-2009,1-4,0.00022,0.00087,1.66,99286,87,396940,7493411,75.47
RI,m,2000-2009,5-9,0.00014,0.00070,2.65,99199,69,495832,7096472,71.54
RI,m,2000-2009,10-14,0.00014,0.00071,2.65,99130,70,495485,6600639,66.59
RI,m,2000-2009,15-19,0.00059,0.00296,2.87,99060,294,494674,6105154,61.63
RI,m,2000-2009,20-24,0.00098,0.00487,2.74,98766,481,492744,5610481,56.81
RI,m,2000-2009,25-29,0.00106,0.00529,2.55,98285,520,490152,5117737,52.07
RI,m,2000-2009,30-34,0.00118,0.00589,2.64,97765,576,487467,4627585,47.33
RI,m,2000-2009,35-39,0.00177,0.00880,2.64,97189,855,483931,4140118,42.60
RI,m,2000-2009,40-44,0.00263,0.01309,2.66,96334,1261,478716,3656186,37.95
RI,m,2000-2009,45-49,0.00399,0.01976,2.69,95073,1879,471024,3177471,33.42
RI,m,2000-2009,50-54,0.00572,0.02823,2.59,93194,2631,459626,2706447,29.04
RI,m,2000-2009,55-59,0.00865,0.04237,2.65,90563,3837,443799,2246821,24.81
RI,m,2000-2009,60-64,0.01261,0.06131,2.72,86726,5317,421490,1803022,20.79
RI,m,2000-2009,65-69,0.01978,0.09443,2.61,81410,7688,388704,1381532,16.97
RI,m,2000-2009,70-74,0.03266,0.15167,2.65,73722,11181,342303,992828,13.47
RI,m,2000-2009,75-79,0.05104,0.22700,2.56,62541,14197,278134,650525,10.40
RI,m,2000-2009,80-84,0.08394,0.34786,2.54,48344,16817,200345,372391,7.70
RI,m,2000-2009,85-89,0.14348,0.52370,2.42,31527,16511,115076,172045,5.46
RI,m,2000-2009,90-94,0.23499,0.70956,2.21,15016,10655,45341,56969,3.79
RI,m,2000-2009,95-99,0.35863,0.85361,1.93,4361,3723,10381,11629,2.67
RI,m,2000-2009,100-104,0.50413,0.93527,1.64,638,597,1185,1248,1.95
RI,m,2000-2009,105-109,0.65028,0.97142,1.39,41,40,62,63,1.53
RI,m,2000-2009,110+,0.75941,1.00000,1.32,1,1,2,2,1.32
RI,m,2010-2019,0,0.00633,0.00629,0.06,100000,629,99410,7720806,77.21
RI,m,2010-2019,1-4,0.00019,0.00074,1.44,99371,74,397294,7621397,76.70
RI,m,2010-2019,5-9,0.00009,0.00046,2.48,99297,45,496371,7224103,72.75
RI,m,2010-2019,10-14,0.00013,0.00066,2.84,99252,65,496118,6727732,67.78
RI,m,2010-2019,15-19,0.00033,0.00163,3.13,99187,162,495630,6231615,62.83
RI,m,2010-2019,20-24,0.00092,0.00458,2.79,99025,453,494125,5735985,57.92
RI,m,2010-2019,25-29,0.00125,0.00622,2.57,98572,613,491367,5241860,53.18
RI,m,2010-2019,30-34,0.00164,0.00819,2.51,97959,802,487800,4750494,48.49
RI,m,2010-2019,35-39,0.00191,0.00953,2.49,97157,925,483456,4262694,43.87
RI,m,2010-2019,40-44,0.00255,0.01265,2.66,96231,1218,478303,3779238,39.27
RI,m,2010-2019,45-49,0.00379,0.01880,2.61,95013,1786,470804,3300934,34.74
RI,m,2010-2019,50-54,0.00543,0.02681,2.68,93227,2499,460338,2830131,30.36
RI,m,2010-2019,55-59,0.00815,0.04000,2.65,90728,3630,445107,2369793,26.12
RI,m,2010-2019,60-64,0.01174,0.05714,2.66,87099,4977,423835,1924686,22.10
RI,m,2010-2019,65-69,0.01667,0.08016,2.62,82122,6583,394934,1500851,18.28
RI,m,2010-2019,70-74,0.02645,0.12449,2.65,75539,9404,355556,1105917,14.64
RI,m,2010-2019,75-79,0.04208,0.19125,2.62,66135,12648,300577,750361,11.35
RI,m,2010-2019,80-84,0.07121,0.30362,2.58,53487,16240,228064,449785,8.41
RI,m,2010-2019,85-89,0.12503,0.47509,2.47,37247,17696,141534,221721,5.95
RI,m,2010-2019,90-94,0.21179,0.67097,2.27,19551,13118,61940,80187,4.10
RI,m,2010-2019,95-99,0.33365,0.83237,1.99,6433,5355,16049,18247,2.84
RI,m,2010-2019,100-104,0.48195,0.92715,1.68,1078,1000,2074,2198,2.04
RI,m,2010-2019,105-109,0.63484,0.96907,1.42,79,76,120,123,1.57
RI,m,2010-2019,110+,0.75035,1.00000,1.33,2,2,3,3,1.33
