PopName,Sex,Year,Age,mx,qx,ax,lx,dx,Lx,Tx,ex
NH,b,1960-1969,0,0.02195,0.02153,0.11,100000,2153,98083,7083167,70.83
NH,b,1960-1969,1-4,0.00080,0.00318,1.67,97847,311,390666,6985084,71.39
NH,b,1960-1969,5-9,0.00041,0.00203,2.39,97536,198,487165,6594418,67.61
NH,b,1960-1969,10-14,0.00039,0.00193,2.86,97338,188,486289,6107253,62.74
NH,b,1960-1969,15-19,0.00097,0.00484,2.74,97150,470,484688,5620964,57.86
NH,b,1960-1969,20-24,0.00110,0.00550,2.49,96680,532,482064,5136276,53.13
NH,b,1960-1969,25-29,0.00115,0.00576,2.43,96148,554,479319,4654211,48.41
NH,b,1960-1969,30-34,0.00121,0.00605,2.56,95595,578,476561,4174892,43.67
NH,b,1960-1969,35-39,0.00189,0.00942,2.72,95017,895,473042,3698331,38.92
NH,b,1960-1969,40-44,0.00328,0.01626,2.71,94122,1531,467103,3225289,34.27
NH,b,1960-1969,45-49,0.00514,0.02541,2.72,92591,2352,457602,2758186,29.79
NH,b,1960-1969,50-54,0.00869,0.04260,2.65,90239,3844,442152,2300584,25.49
NH,b,1960-1969,55-59,0.01335,0.06476,2.71,86395,5595,419137,1858432,21.51
NH,b,1960-1969,60-64,0.02050,0.09777,2.65,80799,7900,385427,1439295,17.81
NH,b,1960-1969,65-69,0.03158,0.14693,2.64,72899,10711,339172,1053868,14.46
NH,b,1960-1969,70-74,0.04891,0.21872,2.59,62188,13602,278111,714696,11.49
NH,b,1960-1969,75-79,0.07186,0.30488,2.52,48586,14813,206133,436585,8.99
NH,b,1960-1969,80-84,0.10705,0.42118,2.47,33773,14224,132879,230453,6.82
NH,b,1960-1969,85-89,0.16703,0.57794,2.34,19549,11298,67642,97573,4.99
NH,b,1960-1969,90-94,0.25125,0.73174,2.15,8251,6037,24030,29931,3.63
NH,b,1960-1969,95-99,0.35998,0.85240,1.91,2213,1887,5241,5902,2.67
NH,b,1960-1969,100-104,0.48646,0.92703,1.66,327,303,623,661,2.02
NH,b,1960-1969,105-109,0.61668,0.96477,1.44,24,23,37,38,1.61
NH,b,1960-1969,110+,0.71817,1.00000,1.39,1,1,1,1,1.39
NH,b,1970-1979,0,0.01386,0.01369,0.09,100000,1369,98750,7324439,73.24
NH,b,1970-1979,1-4,0.00060,0.00240,1.74,98631,237,393990,7225689,73.26
NH,b,1970-1979,5-9,0.00032,0.00162,2.39,98394,159,491558,6831699,69.43
NH,b,1970-1979,10-14,0.00031,0.00153,2.82,98235,151,490848,6340141,64.54
NH,b,1970-1979,15-19,0.00094,0.00469,2.84,98085,460,489429,5849293,59.64
NH,b,1970-1979,20-24,0.00104,0.00519,2.43,97625,507,486822,5359864,54.90
NH,b,1970-1979,25-29,0.00096,0.00480,2.47,97118,466,484411,4873042,50.18
NH,b,1970-1979,30-34,0.00105,0.00521,2.66,96652,504,482080,4388631,45.41
NH,b,1970-1979,35-39,0.00154,0.00768,2.66,96148,738,479017,3906551,40.63
NH,b,1970-1979,40-44,0.00266,0.01320,2.74,95410,1260,474208,3427534,35.92
NH,b,1970-1979,45-49,0.00477,0.02358,2.73,94150,2220,465701,2953326,31.37
NH,b,1970-1979,50-54,0.00730,0.03591,2.73,91930,3302,452145,2487625,27.06
NH,b,1970-1979,55-59,0.01142,0.05560,2.63,88629,4928,431454,2035480,22.97
NH,b,1970-1979,60-64,0.01844,0.08836,2.64,83701,7396,401077,1604026,19.16
NH,b,1970-1979,65-69,0.02739,0.12858,2.62,76305,9811,358158,1202950,15.76
NH,b,1970-1979,70-74,0.04099,0.18664,2.61,66494,12410,302770,844791,12.70
NH,b,1970-1979,75-79,0.06180,0.26827,2.54,54084,14509,234771,542021,10.02
NH,b,1970-1979,80-84,0.08809,0.36118,2.51,39575,14293,162261,307250,7.76
NH,b,1970-1979,85-89,0.13810,0.50799,2.4,25281,12843,92996,144989,5.74
NH,b,1970-1979,90-94,0.21066,0.66578,2.24,12438,8281,39311,51993,4.18
NH,b,1970-1979,95-99,0.30866,0.80408,2.02,4157,3343,10829,12682,3.05
NH,b,1970-1979,100-104,0.42899,0.89950,1.77,814,733,1708,1853,2.27
NH,b,1970-1979,105-109,0.56049,0.95183,1.53,82,78,139,145,1.77
NH,b,1970-1979,110+,0.66730,1.00000,1.5,4,4,6,6,1.50
NH,b,1980-1989,0,0.00929,0.00921,0.07,100000,921,99147,7576523,75.77
NH,b,1980-1989,1-4,0.00039,0.00156,1.62,99079,155,395946,7477376,75.47
NH,b,1980-1989,5-9,0.00022,0.00111,2.3,98924,110,494321,7081430,71.58
NH,b,1980-1989,10-14,0.00023,0.00117,2.79,98814,115,493814,6587109,66.66
NH,b,1980-1989,15-19,0.00080,0.00400,2.81,98698,395,492628,6093295,61.74
NH,b,1980-1989,20-24,0.00093,0.00462,2.46,98303,455,490364,5600667,56.97
NH,b,1980-1989,25-29,0.00082,0.00408,2.46,97849,399,488232,5110303,52.23
NH,b,1980-1989,30-34,0.00083,0.00413,2.52,97450,402,486250,4622071,47.43
NH,b,1980-1989,35-39,0.00117,0.00584,2.57,97047,567,483857,4135820,42.62
NH,b,1980-1989,40-44,0.00197,0.00982,2.74,96480,948,480259,3651963,37.85
NH,b,1980-1989,45-49,0.00324,0.01609,2.7,95533,1537,474120,3171704,33.20
NH,b,1980-1989,50-54,0.00572,0.02822,2.69,93995,2653,463858,2697584,28.70
NH,b,1980-1989,55-59,0.00944,0.04617,2.67,91343,4218,446896,2233726,24.45
NH,b,1980-1989,60-64,0.01512,0.07300,2.66,87125,6360,420718,1786830,20.51
NH,b,1980-1989,65-69,0.02262,0.10728,2.6,80765,8665,383038,1366111,16.91
NH,b,1980-1989,70-74,0.03625,0.16690,2.63,72100,12033,331937,983073,13.63
NH,b,1980-1989,75-79,0.05292,0.23428,2.56,60067,14072,265941,651136,10.84
NH,b,1980-1989,80-84,0.07685,0.32315,2.54,45995,14863,193405,385195,8.37
NH,b,1980-1989,85-89,0.12338,0.46879,2.44,31131,14594,118283,191790,6.16
NH,b,1980-1989,90-94,0.19354,0.63423,2.28,16537,10488,54194,73507,4.44
NH,b,1980-1989,95-99,0.29187,0.78602,2.07,6049,4754,16289,19313,3.19
NH,b,1980-1989,100-104,0.41634,0.89293,1.8,1294,1156,2776,3023,2.34
NH,b,1980-1989,105-109,0.55501,0.95079,1.54,139,132,237,248,1.79
NH,b,1980-1989,110+,0.66826,1.00000,1.5,7,7,10,10,1.50
NH,b,1990-1999,0,0.00566,0.00563,0.06,100000,563,99473,7772990,77.73
NH,b,1990-1999,1-4,0.00023,0.00093,1.56,99437,93,397521,7673517,77.17
NH,b,1990-1999,5-9,0.00012,0.00059,2.5,99344,58,496575,7275996,73.24
NH,b,1990-1999,10-14,0.00018,0.00089,2.76,99286,88,496232,6779421,68.28
NH,b,1990-1999,15-19,0.00053,0.00264,2.82,99198,262,495419,6283188,63.34
NH,b,1990-1999,20-24,0.00072,0.00361,2.61,98936,358,493826,5787770,58.50
NH,b,1990-1999,25-29,0.00071,0.00352,2.46,98578,347,492010,5293943,53.70
NH,b,1990-1999,30-34,0.00085,0.00423,2.56,98231,415,490146,4801933,48.88
NH,b,1990-1999,35-39,0.00108,0.00539,2.61,97816,527,487824,4311787,44.08
NH,b,1990-1999,40-44,0.00169,0.00841,2.65,97289,818,484520,3823963,39.31
NH,b,1990-1999,45-49,0.00275,0.01366,2.68,96471,1318,479290,3339443,34.62
NH,b,1990-1999,50-54,0.00458,0.02265,2.72,95152,2155,470842,2860153,30.06
NH,b,1990-1999,55-59,0.00760,0.03734,2.67,92997,3472,456893,2389312,25.69
NH,b,1990-1999,60-64,0.01273,0.06184,2.69,89525,5536,434815,1932418,21.59
NH,b,1990-1999,65-69,0.01972,0.09420,2.64,83989,7912,401247,1497603,17.83
NH,b,1990-1999,70-74,0.03035,0.14148,2.61,76078,10763,354679,1096356,14.41
NH,b,1990-1999,75-79,0.04702,0.21134,2.61,65314,13803,293594,741678,11.36
NH,b,1990-1999,80-84,0.06981,0.29848,2.57,51511,15375,220257,448084,8.70
NH,b,1990-1999,85-89,0.11730,0.45220,2.47,36136,16341,139308,227826,6.30
NH,b,1990-1999,90-94,0.19068,0.62948,2.3,19795,12461,65349,88519,4.47
NH,b,1990-1999,95-99,0.29485,0.79044,2.07,7335,5798,19662,23169,3.16
NH,b,1990-1999,100-104,0.42686,0.89972,1.79,1537,1383,3240,3507,2.28
NH,b,1990-1999,105-109,0.57234,0.95570,1.52,154,147,257,267,1.73
NH,b,1990-1999,110+,0.68947,1.00000,1.45,7,7,10,10,1.45
NH,b,2000-2009,0,0.00492,0.00490,0.06,100000,490,99541,7929761,79.30
NH,b,2000-2009,1-4,0.00019,0.00074,1.59,99510,74,397864,7830220,78.69
NH,b,2000-2009,5-9,0.00011,0.00053,2.47,99437,53,497051,7432356,74.74
NH,b,2000-2009,10-14,0.00013,0.00063,2.98,99384,62,496795,6935305,69.78
NH,b,2000-2009,15-19,0.00044,0.00221,2.86,99322,220,496141,6438510,64.82
NH,b,2000-2009,20-24,0.00078,0.00391,2.57,99102,388,494570,5942369,59.96
NH,b,2000-2009,25-29,0.00072,0.00361,2.45,98715,356,492665,5447799,55.19
NH,b,2000-2009,30-34,0.00076,0.00381,2.62,98358,375,490899,4955134,50.38
NH,b,2000-2009,35-39,0.00111,0.00555,2.66,97983,544,488645,4464235,45.56
NH,b,2000-2009,40-44,0.00168,0.00839,2.7,97439,817,485316,3975590,40.80
NH,b,2000-2009,45-49,0.00252,0.01254,2.65,96622,1212,480264,3490274,36.12
NH,b,2000-2009,50-54,0.00383,0.01898,2.66,95410,1810,472819,3010009,31.55
NH,b,2000-2009,55-59,0.00595,0.02936,2.7,93600,2748,461672,2537191,27.11
NH,b,2000-2009,60-64,0.00958,0.04687,2.66,90851,4258,444312,2075519,22.85
NH,b,2000-2009,65-69,0.01568,0.07565,2.66,86593,6551,417666,1631206,18.84
NH,b,2000-2009,70-74,0.02526,0.11917,2.63,80043,9539,377589,1213540,15.16
NH,b,2000-2009,75-79,0.04090,0.18620,2.6,70504,13128,320957,835951,11.86
NH,b,2000-2009,80-84,0.06350,0.27568,2.61,57376,15817,249084,514995,8.98
NH,b,2000-2009,85-89,0.11249,0.43890,2.5,41559,18240,162145,265911,6.40
NH,b,2000-2009,90-94,0.19044,0.63006,2.32,23319,14692,77149,103766,4.45
NH,b,2000-2009,95-99,0.30243,0.80012,2.06,8626,6902,22822,26617,3.09
NH,b,2000-2009,100-104,0.44369,0.90946,1.76,1724,1568,3534,3794,2.20
NH,b,2000-2009,105-109,0.59631,0.96159,1.48,156,150,252,260,1.67
NH,b,2000-2009,110+,0.71632,1.00000,1.4,6,6,8,8,1.40
NH,b,2010-2019,0,0.00413,0.00411,0.06,100000,411,99613,7994565,79.95
NH,b,2010-2019,1-4,0.00020,0.00078,1.6,99589,78,398168,7894952,79.28
NH,b,2010-2019,5-9,0.00008,0.00038,2.15,99511,38,497447,7496784,75.34
NH,b,2010-2019,10-14,0.00013,0.00064,2.8,99473,64,497225,6999337,70.36
NH,b,2010-2019,15-19,0.00034,0.00167,3.05,99409,166,496724,6502112,65.41
NH,b,2010-2019,20-24,0.00088,0.00439,2.77,99243,436,495241,6005388,60.51
NH,b,2010-2019,25-29,0.00130,0.00647,2.6,98807,639,492498,5510147,55.77
NH,b,2010-2019,30-34,0.00144,0.00716,2.57,98167,703,489129,5017649,51.11
NH,b,2010-2019,35-39,0.00154,0.00768,2.49,97464,748,485443,4528520,46.46
NH,b,2010-2019,40-44,0.00181,0.00900,2.67,96716,870,481558,4043077,41.80
NH,b,2010-2019,45-49,0.00261,0.01296,2.7,95846,1242,476374,3561518,37.16
NH,b,2010-2019,50-54,0.00392,0.01943,2.66,94604,1838,468715,3085144,32.61
NH,b,2010-2019,55-59,0.00586,0.02889,2.65,92766,2680,457537,2616429,28.20
NH,b,2010-2019,60-64,0.00850,0.04166,2.65,90085,3753,441622,2158892,23.97
NH,b,2010-2019,65-69,0.01280,0.06214,2.67,86332,5365,419169,1717270,19.89
NH,b,2010-2019,70-74,0.02121,0.10101,2.65,80968,8179,385604,1298101,16.03
NH,b,2010-2019,75-79,0.03557,0.16397,2.62,72789,11935,335548,912497,12.54
NH,b,2010-2019,80-84,0.05612,0.24775,2.64,60854,15077,268642,576950,9.48
NH,b,2010-2019,85-89,0.10245,0.40882,2.53,45777,18715,182662,308308,6.74
NH,b,2010-2019,90-94,0.17873,0.60651,2.35,27062,16414,91837,125646,4.64
NH,b,2010-2019,95-99,0.29167,0.78863,2.09,10649,8398,28792,33808,3.17
NH,b,2010-2019,100-104,0.43732,0.90679,1.77,2251,2041,4667,5017,2.23
NH,b,2010-2019,105-109,0.59641,0.96193,1.48,210,202,338,349,1.67
NH,b,2010-2019,110+,0.72140,1.00000,1.39,8,8,11,11,1.39
