PopName,Sex,Year,Age,mx,qx,ax,lx,dx,Lx,Tx,ex
SD,f,1960-1969,0,0.02115,0.02076,0.11,100000,2076,98157,7560467,75.60
SD,f,1960-1969,1-4,0.00090,0.00361,1.62,97924,354,390854,7462310,76.21
SD,f,1960-1969,5-9,0.00035,0.00177,2.29,97570,172,487383,7071456,72.48
SD,f,1960-1969,10-14,0.00033,0.00167,2.7,97398,163,486614,6584073,67.60
SD,f,1960-1969,15-19,0.00082,0.00407,2.55,97235,396,485205,6097459,62.71
SD,f,1960-1969,20-24,0.00097,0.00483,2.45,96839,468,483004,5612254,57.95
SD,f,1960-1969,25-29,0.00095,0.00473,2.64,96372,455,480784,5129249,53.22
SD,f,1960-1969,30-34,0.00109,0.00544,2.47,95916,522,478258,4648465,48.46
SD,f,1960-1969,35-39,0.00151,0.00750,2.68,95394,716,475312,4170207,43.72
SD,f,1960-1969,40-44,0.00212,0.01052,2.69,94678,996,471092,3694896,39.03
SD,f,1960-1969,45-49,0.00320,0.01587,2.66,93682,1487,464929,3223804,34.41
SD,f,1960-1969,50-54,0.00447,0.02213,2.64,92195,2041,456158,2758875,29.92
SD,f,1960-1969,55-59,0.00684,0.03367,2.61,90154,3035,443527,2302717,25.54
SD,f,1960-1969,60-64,0.01077,0.05251,2.67,87119,4575,424952,1859190,21.34
SD,f,1960-1969,65-69,0.01737,0.08335,2.59,82545,6880,396146,1434237,17.38
SD,f,1960-1969,70-74,0.02890,0.13529,2.65,75664,10237,354235,1038091,13.72
SD,f,1960-1969,75-79,0.04937,0.22068,2.6,65428,14439,292451,683856,10.45
SD,f,1960-1969,80-84,0.08597,0.35487,2.54,50989,18095,210469,391405,7.68
SD,f,1960-1969,85-89,0.14354,0.52317,2.41,32895,17209,119888,180936,5.50
SD,f,1960-1969,90-94,0.22869,0.69832,2.21,15685,10953,47895,61048,3.89
SD,f,1960-1969,95-99,0.34265,0.83886,1.96,4732,3969,11584,13153,2.78
SD,f,1960-1969,100-104,0.47772,0.92418,1.68,762,705,1475,1568,2.06
SD,f,1960-1969,105-109,0.61708,0.96522,1.44,58,56,90,93,1.61
SD,f,1960-1969,110+,0.72459,1.00000,1.38,2,2,3,3,1.38
SD,f,1970-1979,0,0.01539,0.01517,0.1,100000,1517,98628,7750077,77.50
SD,f,1970-1979,1-4,0.00085,0.00337,1.49,98483,332,393095,7651449,77.69
SD,f,1970-1979,5-9,0.00036,0.00178,2.28,98150,174,490276,7258354,73.95
SD,f,1970-1979,10-14,0.00034,0.00171,2.75,97976,168,489501,6768077,69.08
SD,f,1970-1979,15-19,0.00073,0.00362,2.54,97808,354,488165,6278576,64.19
SD,f,1970-1979,20-24,0.00077,0.00386,2.54,97453,376,486343,5790411,59.42
SD,f,1970-1979,25-29,0.00077,0.00385,2.8,97077,374,484563,5304068,54.64
SD,f,1970-1979,30-34,0.00111,0.00555,2.65,96704,537,482255,4819505,49.84
SD,f,1970-1979,35-39,0.00153,0.00761,2.71,96167,732,479160,4337250,45.10
SD,f,1970-1979,40-44,0.00241,0.01196,2.69,95435,1142,474534,3858090,40.43
SD,f,1970-1979,45-49,0.00308,0.01528,2.66,94293,1441,468093,3383555,35.88
SD,f,1970-1979,50-54,0.00449,0.02221,2.65,92852,2062,459411,2915463,31.40
SD,f,1970-1979,55-59,0.00661,0.03251,2.55,90789,2951,446719,2456051,27.05
SD,f,1970-1979,60-64,0.00974,0.04767,2.73,87838,4187,429675,2009332,22.88
SD,f,1970-1979,65-69,0.01490,0.07195,2.64,83651,6019,404044,1579658,18.88
SD,f,1970-1979,70-74,0.02413,0.11418,2.66,77632,8864,367392,1175614,15.14
SD,f,1970-1979,75-79,0.03939,0.18020,2.64,68768,12392,314597,808222,11.75
SD,f,1970-1979,80-84,0.06899,0.29558,2.58,56376,16664,241538,493625,8.76
SD,f,1970-1979,85-89,0.11641,0.44964,2.47,39713,17856,153392,252086,6.35
SD,f,1970-1979,90-94,0.18876,0.62542,2.3,21856,13670,72417,98694,4.52
SD,f,1970-1979,95-99,0.28984,0.78404,2.07,8187,6419,22146,26278,3.21
SD,f,1970-1979,100-104,0.41621,0.89294,1.8,1768,1579,3793,4131,2.34
SD,f,1970-1979,105-109,0.55502,0.95074,1.54,189,180,324,338,1.79
SD,f,1970-1979,110+,0.66723,1.00000,1.5,9,9,14,14,1.50
SD,f,1980-1989,0,0.00895,0.00888,0.08,100000,888,99182,7975401,79.75
SD,f,1980-1989,1-4,0.00062,0.00247,1.54,99112,244,395848,7876219,79.47
SD,f,1980-1989,5-9,0.00023,0.00114,2.49,98868,113,494056,7480372,75.66
SD,f,1980-1989,10-14,0.00017,0.00084,2.78,98755,82,493592,6986316,70.74
SD,f,1980-1989,15-19,0.00058,0.00290,2.63,98672,286,492685,6492724,65.80
SD,f,1980-1989,20-24,0.00057,0.00283,2.3,98386,278,491180,6000039,60.98
SD,f,1980-1989,25-29,0.00056,0.00279,2.63,98108,274,489893,5508859,56.15
SD,f,1980-1989,30-34,0.00071,0.00352,2.47,97834,344,488301,5018966,51.30
SD,f,1980-1989,35-39,0.00114,0.00569,2.57,97490,555,486103,4530665,46.47
SD,f,1980-1989,40-44,0.00156,0.00776,2.61,96935,753,482878,4044562,41.72
SD,f,1980-1989,45-49,0.00284,0.01411,2.69,96183,1357,477785,3561684,37.03
SD,f,1980-1989,50-54,0.00412,0.02040,2.53,94826,1935,469348,3083899,32.52
SD,f,1980-1989,55-59,0.00582,0.02871,2.64,92891,2667,458170,2614551,28.15
SD,f,1980-1989,60-64,0.00904,0.04427,2.71,90224,3994,441982,2156381,23.90
SD,f,1980-1989,65-69,0.01397,0.06758,2.61,86231,5828,417253,1714399,19.88
SD,f,1980-1989,70-74,0.02154,0.10251,2.65,80403,8242,382654,1297146,16.13
SD,f,1980-1989,75-79,0.03448,0.15934,2.62,72161,11498,333463,914491,12.67
SD,f,1980-1989,80-84,0.05750,0.25284,2.61,60663,15338,266732,581028,9.58
SD,f,1980-1989,85-89,0.10027,0.40140,2.52,45325,18194,181444,314297,6.93
SD,f,1980-1989,90-94,0.16814,0.58218,2.36,27131,15796,93940,132853,4.90
SD,f,1980-1989,95-99,0.26668,0.75547,2.13,11336,8564,32113,38913,3.43
SD,f,1980-1989,100-104,0.39417,0.87957,1.85,2772,2438,6186,6800,2.45
SD,f,1980-1989,105-109,0.53807,0.94622,1.57,334,316,587,614,1.84
SD,f,1980-1989,110+,0.65595,1.00000,1.52,18,18,27,27,1.52
SD,f,1990-1999,0,0.00810,0.00804,0.08,100000,804,99257,8074933,80.75
SD,f,1990-1999,1-4,0.00036,0.00145,1.66,99196,144,396447,7975677,80.40
SD,f,1990-1999,5-9,0.00018,0.00092,1.95,99052,92,494981,7579230,76.52
SD,f,1990-1999,10-14,0.00028,0.00140,2.78,98960,138,494496,7084249,71.59
SD,f,1990-1999,15-19,0.00051,0.00257,2.6,98822,254,493502,6589753,66.68
SD,f,1990-1999,20-24,0.00041,0.00207,2.55,98568,204,492340,6096251,61.85
SD,f,1990-1999,25-29,0.00059,0.00293,2.67,98364,288,491149,5603911,56.97
SD,f,1990-1999,30-34,0.00070,0.00347,2.43,98076,340,489505,5112762,52.13
SD,f,1990-1999,35-39,0.00099,0.00494,2.67,97736,483,487552,4623257,47.30
SD,f,1990-1999,40-44,0.00136,0.00677,2.67,97253,658,484728,4135706,42.53
SD,f,1990-1999,45-49,0.00234,0.01161,2.65,96595,1122,480338,3650977,37.80
SD,f,1990-1999,50-54,0.00348,0.01729,2.69,95473,1650,473560,3170640,33.21
SD,f,1990-1999,55-59,0.00553,0.02727,2.58,93823,2559,462915,2697080,28.75
SD,f,1990-1999,60-64,0.00847,0.04150,2.6,91264,3788,447226,2234165,24.48
SD,f,1990-1999,65-69,0.01308,0.06341,2.62,87477,5547,424156,1786940,20.43
SD,f,1990-1999,70-74,0.01984,0.09482,2.66,81930,7768,391460,1362784,16.63
SD,f,1990-1999,75-79,0.03098,0.14435,2.64,74161,10705,345561,971324,13.10
SD,f,1990-1999,80-84,0.05326,0.23651,2.63,63457,15008,281774,625763,9.86
SD,f,1990-1999,85-89,0.09533,0.38601,2.54,48448,18701,196181,343989,7.10
SD,f,1990-1999,90-94,0.16375,0.57276,2.38,29747,17038,104046,147808,4.97
SD,f,1990-1999,95-99,0.26503,0.75394,2.14,12709,9582,36154,43761,3.44
SD,f,1990-1999,100-104,0.39753,0.88242,1.85,3127,2759,6942,7607,2.43
SD,f,1990-1999,105-109,0.54722,0.94926,1.56,368,349,638,666,1.81
SD,f,1990-1999,110+,0.66921,1.00000,1.49,19,19,28,28,1.49
SD,f,2000-2009,0,0.00605,0.00601,0.07,100000,601,99441,8131223,81.31
SD,f,2000-2009,1-4,0.00031,0.00126,1.85,99399,125,397325,8031782,80.80
SD,f,2000-2009,5-9,0.00023,0.00116,2.4,99274,115,496068,7634457,76.90
SD,f,2000-2009,10-14,0.00020,0.00101,3.1,99158,100,495600,7138389,71.99
SD,f,2000-2009,15-19,0.00051,0.00256,2.61,99058,253,494684,6642788,67.06
SD,f,2000-2009,20-24,0.00048,0.00242,2.55,98805,239,493438,6148104,62.22
SD,f,2000-2009,25-29,0.00054,0.00269,2.4,98566,265,492140,5654666,57.37
SD,f,2000-2009,30-34,0.00086,0.00429,2.76,98301,422,490558,5162527,52.52
SD,f,2000-2009,35-39,0.00117,0.00583,2.77,97879,571,488123,4671968,47.73
SD,f,2000-2009,40-44,0.00146,0.00725,2.76,97308,706,484958,4183845,43.00
SD,f,2000-2009,45-49,0.00224,0.01113,2.71,96602,1076,480547,3698887,38.29
SD,f,2000-2009,50-54,0.00314,0.01559,2.67,95527,1490,474168,3218340,33.69
SD,f,2000-2009,55-59,0.00486,0.02404,2.67,94037,2260,464922,2744172,29.18
SD,f,2000-2009,60-64,0.00820,0.04025,2.69,91777,3694,450348,2279250,24.83
SD,f,2000-2009,65-69,0.01241,0.06030,2.66,88083,5311,427966,1828901,20.76
SD,f,2000-2009,70-74,0.01849,0.08853,2.62,82772,7328,396398,1400936,16.93
SD,f,2000-2009,75-79,0.02894,0.13528,2.6,75444,10206,352698,1004538,13.32
SD,f,2000-2009,80-84,0.05029,0.22492,2.65,65237,14673,291769,651840,9.99
SD,f,2000-2009,85-89,0.09318,0.37944,2.55,50564,19186,205908,360071,7.12
SD,f,2000-2009,90-94,0.16497,0.57630,2.39,31378,18083,109614,154163,4.91
SD,f,2000-2009,95-99,0.27315,0.76575,2.13,13295,10180,37271,44549,3.35
SD,f,2000-2009,100-104,0.41516,0.89434,1.82,3114,2785,6709,7278,2.34
SD,f,2000-2009,105-109,0.57340,0.95663,1.52,329,315,549,569,1.73
SD,f,2000-2009,110+,0.69977,1.00000,1.43,14,14,20,20,1.43
SD,f,2010-2019,0,0.00562,0.00559,0.07,100000,559,99480,8163780,81.64
SD,f,2010-2019,1-4,0.00030,0.00118,1.52,99441,117,397474,8064300,81.10
SD,f,2010-2019,5-9,0.00016,0.00079,2.56,99324,79,496428,7666826,77.19
SD,f,2010-2019,10-14,0.00023,0.00114,2.96,99245,113,495995,7170398,72.25
SD,f,2010-2019,15-19,0.00052,0.00260,2.66,99132,257,495057,6674402,67.33
SD,f,2010-2019,20-24,0.00054,0.00270,2.63,98875,267,493742,6179345,62.50
SD,f,2010-2019,25-29,0.00070,0.00347,2.58,98608,343,492209,5685603,57.66
SD,f,2010-2019,30-34,0.00092,0.00459,2.71,98265,451,490293,5193395,52.85
SD,f,2010-2019,35-39,0.00122,0.00611,2.7,97814,597,487695,4703101,48.08
SD,f,2010-2019,40-44,0.00183,0.00909,2.62,97217,883,483983,4215406,43.36
SD,f,2010-2019,45-49,0.00263,0.01306,2.68,96333,1258,478752,3731423,38.73
SD,f,2010-2019,50-54,0.00351,0.01743,2.74,95076,1657,471626,3252671,34.21
SD,f,2010-2019,55-59,0.00480,0.02375,2.65,93419,2218,461876,2781045,29.77
SD,f,2010-2019,60-64,0.00683,0.03358,2.58,91200,3063,448601,2319169,25.43
SD,f,2010-2019,65-69,0.01086,0.05298,2.68,88138,4670,429841,1870568,21.22
SD,f,2010-2019,70-74,0.01755,0.08430,2.68,83468,7037,401010,1440726,17.26
SD,f,2010-2019,75-79,0.02936,0.13721,2.62,76431,10487,357192,1039717,13.60
SD,f,2010-2019,80-84,0.04672,0.21062,2.66,65944,13889,297275,682525,10.35
SD,f,2010-2019,85-89,0.08716,0.35964,2.57,52055,18721,214788,385249,7.40
SD,f,2010-2019,90-94,0.15567,0.55461,2.41,33334,18488,118765,170462,5.11
SD,f,2010-2019,95-99,0.26041,0.74870,2.16,14847,11116,42685,51696,3.48
SD,f,2010-2019,100-104,0.40022,0.88513,1.85,3731,3302,8251,9012,2.42
SD,f,2010-2019,105-109,0.55876,0.95296,1.54,429,408,731,760,1.77
SD,f,2010-2019,110+,0.68700,1.00000,1.46,20,20,29,29,1.46
