PopName,Sex,Year,Age,mx,qx,ax,lx,dx,Lx,Tx,ex
OK,b,1960-1969,0,0.02320,0.02274,0.11,100000,2274,97983,7117392,71.17
OK,b,1960-1969,1-4,0.00107,0.00427,1.58,97726,418,389894,7019409,71.83
OK,b,1960-1969,5-9,0.00046,0.00228,2.32,97309,222,485950,6629515,68.13
OK,b,1960-1969,10-14,0.00047,0.00236,2.74,97087,229,484916,6143565,63.28
OK,b,1960-1969,15-19,0.00111,0.00551,2.74,96858,534,483082,5658649,58.42
OK,b,1960-1969,20-24,0.00133,0.00663,2.54,96324,639,480044,5175567,53.73
OK,b,1960-1969,25-29,0.00134,0.00670,2.54,95685,641,476845,4695523,49.07
OK,b,1960-1969,30-34,0.00168,0.00839,2.64,95043,797,473336,4218678,44.39
OK,b,1960-1969,35-39,0.00231,0.01150,2.69,94246,1084,468727,3745342,39.74
OK,b,1960-1969,40-44,0.00352,0.01744,2.68,93162,1625,462035,3276615,35.17
OK,b,1960-1969,45-49,0.00543,0.02679,2.67,91537,2452,451973,2814580,30.75
OK,b,1960-1969,50-54,0.00839,0.04116,2.68,89085,3666,436904,2362607,26.52
OK,b,1960-1969,55-59,0.01211,0.05883,2.62,85419,5026,415152,1925703,22.54
OK,b,1960-1969,60-64,0.01830,0.08771,2.64,80393,7051,385298,1510551,18.79
OK,b,1960-1969,65-69,0.02730,0.12812,2.61,73342,9397,344252,1125254,15.34
OK,b,1960-1969,70-74,0.04106,0.18689,2.6,63945,11951,291069,781002,12.21
OK,b,1960-1969,75-79,0.06279,0.27235,2.57,51994,14160,225528,489933,9.42
OK,b,1960-1969,80-84,0.10293,0.40908,2.49,37833,15477,150363,264405,6.99
OK,b,1960-1969,85-89,0.16414,0.57044,2.33,22357,12753,77697,114042,5.10
OK,b,1960-1969,90-94,0.23963,0.71270,2.16,9604,6844,28562,36344,3.78
OK,b,1960-1969,95-99,0.33840,0.83295,1.95,2759,2298,6791,7782,2.82
OK,b,1960-1969,100-104,0.45631,0.91306,1.72,461,421,922,991,2.15
OK,b,1960-1969,105-109,0.58057,0.95651,1.5,40,38,66,69,1.71
OK,b,1960-1969,110+,0.67959,1.00000,1.47,2,2,3,3,1.47
OK,b,1970-1979,0,0.01710,0.01684,0.1,100000,1684,98477,7235831,72.36
OK,b,1970-1979,1-4,0.00086,0.00345,1.58,98316,339,392442,7137353,72.60
OK,b,1970-1979,5-9,0.00042,0.00207,2.33,97977,203,489342,6744911,68.84
OK,b,1970-1979,10-14,0.00044,0.00218,2.8,97774,213,488400,6255570,63.98
OK,b,1970-1979,15-19,0.00116,0.00580,2.78,97561,565,486552,5767170,59.11
OK,b,1970-1979,20-24,0.00141,0.00702,2.48,96995,681,483259,5280618,54.44
OK,b,1970-1979,25-29,0.00143,0.00712,2.49,96315,686,479853,4797359,49.81
OK,b,1970-1979,30-34,0.00162,0.00805,2.61,95629,770,476305,4317505,45.15
OK,b,1970-1979,35-39,0.00213,0.01061,2.63,94859,1006,471908,3841201,40.49
OK,b,1970-1979,40-44,0.00329,0.01630,2.67,93853,1530,465698,3369293,35.90
OK,b,1970-1979,45-49,0.00516,0.02549,2.64,92323,2354,456060,2903595,31.45
OK,b,1970-1979,50-54,0.00779,0.03823,2.64,89969,3439,441720,2447535,27.20
OK,b,1970-1979,55-59,0.01177,0.05726,2.64,86530,4955,420972,2005815,23.18
OK,b,1970-1979,60-64,0.01764,0.08465,2.62,81575,6905,391429,1584843,19.43
OK,b,1970-1979,65-69,0.02541,0.11971,2.59,74670,8939,351796,1193414,15.98
OK,b,1970-1979,70-74,0.03818,0.17481,2.59,65731,11491,300932,841618,12.80
OK,b,1970-1979,75-79,0.05860,0.25623,2.55,54241,13898,237161,540686,9.97
OK,b,1970-1979,80-84,0.09274,0.37701,2.52,40343,15210,163995,303525,7.52
OK,b,1970-1979,85-89,0.14581,0.52794,2.39,25133,13269,91002,139531,5.55
OK,b,1970-1979,90-94,0.21672,0.67708,2.23,11864,8033,37066,48529,4.09
OK,b,1970-1979,95-99,0.31618,0.81147,2,3831,3109,9833,11463,2.99
OK,b,1970-1979,100-104,0.43299,0.90121,1.76,722,651,1503,1630,2.26
OK,b,1970-1979,105-109,0.55911,0.95110,1.53,71,68,121,127,1.78
OK,b,1970-1979,110+,0.66111,1.00000,1.51,3,3,5,5,1.51
OK,b,1980-1989,0,0.01083,0.01072,0.08,100000,1072,99012,7440721,74.41
OK,b,1980-1989,1-4,0.00061,0.00242,1.58,98928,239,395134,7341709,74.21
OK,b,1980-1989,5-9,0.00032,0.00160,2.46,98689,158,493042,6946575,70.39
OK,b,1980-1989,10-14,0.00033,0.00163,2.75,98530,161,492291,6453534,65.50
OK,b,1980-1989,15-19,0.00104,0.00519,2.84,98370,511,490745,5961243,60.60
OK,b,1980-1989,20-24,0.00127,0.00635,2.51,97859,621,487750,5470498,55.90
OK,b,1980-1989,25-29,0.00133,0.00665,2.52,97237,646,484583,4982748,51.24
OK,b,1980-1989,30-34,0.00151,0.00753,2.54,96591,727,481169,4498165,46.57
OK,b,1980-1989,35-39,0.00185,0.00919,2.6,95864,881,477201,4016996,41.90
OK,b,1980-1989,40-44,0.00269,0.01337,2.7,94983,1270,471993,3539795,37.27
OK,b,1980-1989,45-49,0.00408,0.02022,2.66,93713,1895,464130,3067801,32.74
OK,b,1980-1989,50-54,0.00650,0.03200,2.68,91818,2938,452269,2603672,28.36
OK,b,1980-1989,55-59,0.01016,0.04960,2.64,88881,4409,434014,2151403,24.21
OK,b,1980-1989,60-64,0.01540,0.07428,2.62,84472,6275,407425,1717389,20.33
OK,b,1980-1989,65-69,0.02338,0.11067,2.59,78197,8654,370137,1309964,16.75
OK,b,1980-1989,70-74,0.03483,0.16066,2.59,69543,11173,320794,939827,13.51
OK,b,1980-1989,75-79,0.05229,0.23190,2.56,58370,13536,258836,619033,10.61
OK,b,1980-1989,80-84,0.08360,0.34606,2.51,44834,15515,185595,360196,8.03
OK,b,1980-1989,85-89,0.13007,0.48738,2.43,29319,14290,109861,174601,5.96
OK,b,1980-1989,90-94,0.20264,0.65120,2.26,15029,9787,48298,64740,4.31
OK,b,1980-1989,95-99,0.29888,0.79325,2.04,5242,4158,13914,16442,3.14
OK,b,1980-1989,100-104,0.41742,0.89277,1.8,1084,968,2318,2528,2.33
OK,b,1980-1989,105-109,0.54810,0.94833,1.55,116,110,201,210,1.81
OK,b,1980-1989,110+,0.65487,1.00000,1.53,6,6,9,9,1.53
OK,b,1990-1999,0,0.00889,0.00882,0.07,100000,882,99183,7498452,74.98
OK,b,1990-1999,1-4,0.00052,0.00209,1.63,99118,207,395982,7399269,74.65
OK,b,1990-1999,5-9,0.00024,0.00119,2.39,98911,118,494248,7003287,70.80
OK,b,1990-1999,10-14,0.00028,0.00139,2.92,98793,137,493683,6509039,65.89
OK,b,1990-1999,15-19,0.00097,0.00484,2.79,98657,478,492227,6015356,60.97
OK,b,1990-1999,20-24,0.00109,0.00545,2.49,98179,535,489550,5523129,56.26
OK,b,1990-1999,25-29,0.00121,0.00602,2.64,97643,587,486829,5033579,51.55
OK,b,1990-1999,30-34,0.00154,0.00767,2.57,97056,744,483472,4546750,46.85
OK,b,1990-1999,35-39,0.00200,0.00997,2.57,96312,960,479226,4063278,42.19
OK,b,1990-1999,40-44,0.00275,0.01365,2.63,95351,1301,473669,3584051,37.59
OK,b,1990-1999,45-49,0.00402,0.01991,2.64,94050,1873,465837,3110383,33.07
OK,b,1990-1999,50-54,0.00616,0.03036,2.68,92178,2799,454382,2644546,28.69
OK,b,1990-1999,55-59,0.00961,0.04698,2.67,89379,4199,437092,2190164,24.50
OK,b,1990-1999,60-64,0.01504,0.07261,2.64,85180,6185,411285,1753072,20.58
OK,b,1990-1999,65-69,0.02222,0.10551,2.61,78995,8335,375094,1341786,16.99
OK,b,1990-1999,70-74,0.03389,0.15669,2.59,70660,11071,326658,966692,13.68
OK,b,1990-1999,75-79,0.05064,0.22543,2.57,59589,13433,265245,640034,10.74
OK,b,1990-1999,80-84,0.08049,0.33548,2.52,46156,15484,192368,374788,8.12
OK,b,1990-1999,85-89,0.12906,0.48407,2.42,30671,14847,115036,182420,5.95
OK,b,1990-1999,90-94,0.20481,0.65505,2.25,15824,10366,50612,67384,4.26
OK,b,1990-1999,95-99,0.30541,0.80140,2.04,5459,4374,14323,16772,3.07
OK,b,1990-1999,100-104,0.43189,0.90177,1.77,1084,978,2263,2449,2.26
OK,b,1990-1999,105-109,0.57007,0.95471,1.52,106,102,178,185,1.74
OK,b,1990-1999,110+,0.68154,1.00000,1.47,5,5,7,7,1.47
OK,b,2000-2009,0,0.00819,0.00812,0.07,100000,812,99245,7524314,75.24
OK,b,2000-2009,1-4,0.00041,0.00166,1.62,99188,164,396359,7425068,74.86
OK,b,2000-2009,5-9,0.00020,0.00100,2.36,99023,99,494855,7028709,70.98
OK,b,2000-2009,10-14,0.00024,0.00118,2.78,98924,117,494361,6533854,66.05
OK,b,2000-2009,15-19,0.00081,0.00405,2.85,98807,400,493177,6039493,61.12
OK,b,2000-2009,20-24,0.00109,0.00543,2.55,98407,534,490728,5546315,56.36
OK,b,2000-2009,25-29,0.00125,0.00625,2.53,97873,611,487851,5055587,51.65
OK,b,2000-2009,30-34,0.00149,0.00742,2.61,97261,722,484584,4567737,46.96
OK,b,2000-2009,35-39,0.00207,0.01031,2.65,96539,995,480357,4083153,42.30
OK,b,2000-2009,40-44,0.00304,0.01510,2.67,95544,1442,474366,3602796,37.71
OK,b,2000-2009,45-49,0.00454,0.02248,2.64,94102,2115,465517,3128429,33.25
OK,b,2000-2009,50-54,0.00657,0.03236,2.66,91987,2976,452955,2662912,28.95
OK,b,2000-2009,55-59,0.00947,0.04631,2.65,89010,4122,435355,2209957,24.83
OK,b,2000-2009,60-64,0.01423,0.06883,2.63,84888,5843,410602,1774602,20.91
OK,b,2000-2009,65-69,0.02047,0.09757,2.61,79045,7713,376757,1364000,17.26
OK,b,2000-2009,70-74,0.03119,0.14509,2.6,71333,10350,331829,987242,13.84
OK,b,2000-2009,75-79,0.04846,0.21685,2.58,60983,13224,272902,655413,10.75
OK,b,2000-2009,80-84,0.08017,0.33487,2.54,47759,15993,199484,382511,8.01
OK,b,2000-2009,85-89,0.13298,0.49575,2.43,31766,15748,118429,183027,5.76
OK,b,2000-2009,90-94,0.21793,0.68019,2.24,16018,10895,49995,64599,4.03
OK,b,2000-2009,95-99,0.33225,0.83009,1.99,5123,4252,12798,14604,2.85
OK,b,2000-2009,100-104,0.47291,0.92276,1.7,870,803,1698,1806,2.08
OK,b,2000-2009,105-109,0.61999,0.96615,1.44,67,65,105,108,1.60
OK,b,2000-2009,110+,0.73347,1.00000,1.36,2,2,3,3,1.36
OK,b,2010-2019,0,0.00741,0.00736,0.07,100000,736,99315,7579941,75.80
OK,b,2010-2019,1-4,0.00037,0.00149,1.57,99264,148,396696,7480627,75.36
OK,b,2010-2019,5-9,0.00017,0.00083,2.45,99116,82,495370,7083931,71.47
OK,b,2010-2019,10-14,0.00020,0.00098,2.92,99034,97,494967,6588561,66.53
OK,b,2010-2019,15-19,0.00067,0.00335,2.94,98937,331,494002,6093594,61.59
OK,b,2010-2019,20-24,0.00104,0.00521,2.56,98606,513,491777,5599591,56.79
OK,b,2010-2019,25-29,0.00133,0.00662,2.59,98092,649,488899,5107814,52.07
OK,b,2010-2019,30-34,0.00167,0.00830,2.6,97443,808,485275,4618915,47.40
OK,b,2010-2019,35-39,0.00216,0.01074,2.61,96635,1038,480690,4133640,42.78
OK,b,2010-2019,40-44,0.00303,0.01506,2.61,95597,1440,474551,3652950,38.21
OK,b,2010-2019,45-49,0.00457,0.02262,2.66,94157,2130,465813,3178398,33.76
OK,b,2010-2019,50-54,0.00696,0.03424,2.66,92028,3151,452773,2712585,29.48
OK,b,2010-2019,55-59,0.01031,0.05030,2.61,88876,4470,433688,2259812,25.43
OK,b,2010-2019,60-64,0.01414,0.06841,2.61,84406,5774,408211,1826124,21.63
OK,b,2010-2019,65-69,0.01965,0.09386,2.61,78632,7380,375521,1417913,18.03
OK,b,2010-2019,70-74,0.02882,0.13473,2.59,71252,9600,333119,1042391,14.63
OK,b,2010-2019,75-79,0.04387,0.19840,2.59,61652,12232,278798,709272,11.50
OK,b,2010-2019,80-84,0.06946,0.29688,2.55,49420,14672,211217,430474,8.71
OK,b,2010-2019,85-89,0.11601,0.44918,2.49,34748,15608,134536,219257,6.31
OK,b,2010-2019,90-94,0.19264,0.63384,2.3,19140,12132,62978,84721,4.43
OK,b,2010-2019,95-99,0.30092,0.79784,2.06,7008,5592,18582,21743,3.10
OK,b,2010-2019,100-104,0.43729,0.90568,1.77,1417,1283,2934,3161,2.23
OK,b,2010-2019,105-109,0.58532,0.95891,1.49,134,128,219,227,1.70
OK,b,2010-2019,110+,0.70284,1.00000,1.42,5,5,8,8,1.42
